0.000000e+00	0.000000e+00	0.000000e+00
5.350166e-05	5.267166e+00	1.297308e-02
6.968874e-05	6.120969e+00	1.507600e-02
7.915111e-05	6.456232e+00	1.590176e-02
8.501533e-05	6.610591e+00	1.628194e-02
8.872290e-05	6.689092e+00	1.647529e-02
9.108680e-05	6.731947e+00	1.658084e-02
9.260007e-05	6.756593e+00	1.664155e-02
9.357083e-05	6.771296e+00	1.667776e-02
9.419430e-05	6.780291e+00	1.669992e-02
9.459499e-05	6.785890e+00	1.671370e-02
9.485261e-05	6.789413e+00	1.672238e-02
9.501828e-05	6.791647e+00	1.672789e-02
9.512485e-05	6.793071e+00	1.673139e-02
9.519339e-05	6.793980e+00	1.673363e-02
9.523749e-05	6.794563e+00	1.673507e-02
9.526586e-05	6.794937e+00	1.673599e-02
9.528411e-05	6.795177e+00	1.673658e-02
9.529585e-05	6.795331e+00	1.673696e-02
9.530340e-05	6.795429e+00	1.673720e-02
9.530826e-05	6.795493e+00	1.673736e-02
9.531139e-05	6.795534e+00	1.673746e-02
9.531340e-05	6.795560e+00	1.673752e-02
9.531470e-05	6.795577e+00	1.673756e-02
9.531553e-05	6.795588e+00	1.673759e-02
9.531606e-05	6.795595e+00	1.673761e-02
9.531641e-05	6.795599e+00	1.673762e-02
9.531663e-05	6.795602e+00	1.673763e-02
9.531677e-05	6.795604e+00	1.673763e-02
9.531686e-05	6.795605e+00	1.673763e-02
9.531692e-05	6.795606e+00	1.673764e-02
9.531696e-05	6.795606e+00	1.673764e-02
9.531699e-05	6.795607e+00	1.673764e-02
9.531700e-05	6.795607e+00	1.673764e-02
9.531701e-05	6.795607e+00	1.673764e-02
9.531702e-05	6.795607e+00	1.673764e-02
9.531702e-05	6.795607e+00	1.673764e-02
9.531703e-05	6.795607e+00	1.673764e-02
9.531703e-05	6.795607e+00	1.673764e-02
9.531703e-05	6.795607e+00	1.673764e-02
9.531703e-05	6.795607e+00	1.673764e-02
9.531703e-05	6.795607e+00	1.673764e-02
9.531703e-05	6.795607e+00	1.673764e-02
9.531703e-05	6.795607e+00	1.673764e-02
9.531703e-05	6.795607e+00	1.673764e-02
9.531703e-05	6.795607e+00	1.673764e-02
9.531703e-05	6.795607e+00	1.673764e-02
9.531703e-05	6.795607e+00	1.673764e-02
9.531703e-05	6.795607e+00	1.673764e-02
9.531703e-05	6.795607e+00	1.673764e-02
9.531703e-05	6.795607e+00	1.673764e-02
9.531703e-05	6.795607e+00	1.673764e-02
9.531703e-05	6.795607e+00	1.673764e-02
9.531703e-05	6.795607e+00	1.673764e-02
9.531703e-05	6.795607e+00	1.673764e-02
9.531703e-05	6.795607e+00	1.673764e-02
9.531703e-05	6.795607e+00	1.673764e-02
9.531703e-05	6.795607e+00	1.673764e-02
9.531703e-05	6.795607e+00	1.673764e-02
9.531703e-05	6.795607e+00	1.673764e-02
9.531703e-05	6.795607e+00	1.673764e-02
9.531703e-05	6.795607e+00	1.673764e-02
9.531703e-05	6.795607e+00	1.673764e-02
9.531703e-05	6.795607e+00	1.673764e-02
9.531703e-05	6.795607e+00	1.673764e-02
9.531703e-05	6.795607e+00	1.673764e-02
9.531703e-05	6.795607e+00	1.673764e-02
9.531703e-05	6.795607e+00	1.673764e-02
9.531703e-05	6.795607e+00	1.673764e-02
9.531703e-05	6.795607e+00	1.673764e-02
9.531703e-05	6.795607e+00	1.673764e-02
9.531703e-05	6.795607e+00	1.673764e-02
9.531703e-05	6.795607e+00	1.673764e-02
9.531703e-05	6.795607e+00	1.673764e-02
9.531703e-05	6.795607e+00	1.673764e-02
9.531703e-05	6.795607e+00	1.673764e-02
9.531703e-05	6.795607e+00	1.673764e-02
9.531703e-05	6.795607e+00	1.673764e-02
9.531703e-05	6.795607e+00	1.673764e-02
9.531703e-05	6.795607e+00	1.673764e-02
9.531703e-05	6.795607e+00	1.673764e-02
9.531703e-05	6.795607e+00	1.673764e-02
9.531703e-05	6.795607e+00	1.673764e-02
9.531703e-05	6.795607e+00	1.673764e-02
9.531703e-05	6.795607e+00	1.673764e-02
9.531703e-05	6.795607e+00	1.673764e-02
9.531703e-05	6.795607e+00	1.673764e-02
9.531703e-05	6.795607e+00	1.673764e-02
9.531703e-05	6.795607e+00	1.673764e-02
9.531703e-05	6.795607e+00	1.673764e-02
9.531703e-05	6.795607e+00	1.673764e-02
9.531703e-05	6.795607e+00	1.673764e-02
9.531703e-05	6.795607e+00	1.673764e-02
9.531703e-05	6.795607e+00	1.673764e-02
9.531703e-05	6.795607e+00	1.673764e-02
9.531703e-05	6.795607e+00	1.673764e-02
9.531703e-05	6.795607e+00	1.673764e-02
9.531703e-05	6.795607e+00	1.673764e-02
9.531703e-05	6.795607e+00	1.673764e-02
9.531703e-05	6.795607e+00	1.673764e-02
9.531703e-05	6.795607e+00	1.673764e-02
9.531703e-05	6.795607e+00	1.673764e-02
9.531703e-05	6.795607e+00	1.673764e-02
9.531703e-05	6.795607e+00	1.673764e-02
9.531703e-05	6.795607e+00	1.673764e-02
9.531703e-05	6.795607e+00	1.673764e-02
9.531703e-05	6.795607e+00	1.673764e-02
9.531703e-05	6.795607e+00	1.673764e-02
9.531703e-05	6.795607e+00	1.673764e-02
9.531703e-05	6.795607e+00	1.673764e-02
9.531703e-05	6.795607e+00	1.673764e-02
9.531703e-05	6.795607e+00	1.673764e-02
9.531703e-05	6.795607e+00	1.673764e-02
9.531703e-05	6.795607e+00	1.673764e-02
9.531703e-05	6.795607e+00	1.673764e-02
9.531703e-05	6.795607e+00	1.673764e-02
9.531703e-05	6.795607e+00	1.673764e-02
9.531703e-05	6.795607e+00	1.673764e-02
9.531703e-05	6.795607e+00	1.673764e-02
9.531703e-05	6.795607e+00	1.673764e-02
9.531703e-05	6.795607e+00	1.673764e-02
9.531703e-05	6.795607e+00	1.673764e-02
9.531703e-05	6.795607e+00	1.673764e-02
9.531703e-05	6.795607e+00	1.673764e-02
9.531703e-05	6.795607e+00	1.673764e-02
9.531703e-05	6.795607e+00	1.673764e-02
9.531703e-05	6.795607e+00	1.673764e-02
9.531703e-05	6.795607e+00	1.673764e-02
9.531703e-05	6.795607e+00	1.673764e-02
9.531703e-05	6.795607e+00	1.673764e-02
9.531703e-05	6.795607e+00	1.673764e-02
9.531703e-05	6.795607e+00	1.673764e-02
9.531703e-05	6.795607e+00	1.673764e-02
9.531703e-05	6.795607e+00	1.673764e-02
9.531703e-05	6.795607e+00	1.673764e-02
9.531703e-05	6.795607e+00	1.673764e-02
9.531703e-05	6.795607e+00	1.673764e-02
9.531703e-05	6.795607e+00	1.673764e-02
9.531703e-05	6.795607e+00	1.673764e-02
9.531703e-05	6.795607e+00	1.673764e-02
9.531703e-05	6.795607e+00	1.673764e-02
9.531703e-05	6.795607e+00	1.673764e-02
9.531703e-05	6.795607e+00	1.673764e-02
9.531703e-05	6.795607e+00	1.673764e-02
9.531703e-05	6.795607e+00	1.673764e-02
9.531703e-05	6.795607e+00	1.673764e-02
9.531703e-05	6.795607e+00	1.673764e-02
9.531703e-05	6.795607e+00	1.673764e-02
9.531703e-05	6.795607e+00	1.673764e-02
9.531703e-05	6.795607e+00	1.673764e-02
9.531703e-05	6.795607e+00	1.673764e-02
9.531703e-05	6.795607e+00	1.673764e-02
9.531703e-05	6.795607e+00	1.673764e-02
9.531703e-05	6.795607e+00	1.673764e-02
9.531703e-05	6.795607e+00	1.673764e-02
9.531703e-05	6.795607e+00	1.673764e-02
9.531703e-05	6.795607e+00	1.673764e-02
9.531703e-05	6.795607e+00	1.673764e-02
9.531703e-05	6.795607e+00	1.673764e-02
9.531703e-05	6.795607e+00	1.673764e-02
9.531703e-05	6.795607e+00	1.673764e-02
9.531703e-05	6.795607e+00	1.673764e-02
9.531703e-05	6.795607e+00	1.673764e-02
9.531703e-05	6.795607e+00	1.673764e-02
9.531703e-05	6.795607e+00	1.673764e-02
9.531703e-05	6.795607e+00	1.673764e-02
9.531703e-05	6.795607e+00	1.673764e-02
9.531703e-05	6.795607e+00	1.673764e-02
9.531703e-05	6.795607e+00	1.673764e-02
9.531703e-05	6.795607e+00	1.673764e-02
9.531703e-05	6.795607e+00	1.673764e-02
9.531703e-05	6.795607e+00	1.673764e-02
9.531703e-05	6.795607e+00	1.673764e-02
9.531703e-05	6.795607e+00	1.673764e-02
9.531703e-05	6.795607e+00	1.673764e-02
9.531703e-05	6.795607e+00	1.673764e-02
9.531703e-05	6.795607e+00	1.673764e-02
9.531703e-05	6.795607e+00	1.673764e-02
9.531703e-05	6.795607e+00	1.673764e-02
9.531703e-05	6.795607e+00	1.673764e-02
9.531703e-05	6.795607e+00	1.673764e-02
9.531703e-05	6.795607e+00	1.673764e-02
9.531703e-05	6.795607e+00	1.673764e-02
9.531703e-05	6.795607e+00	1.673764e-02
9.531703e-05	6.795607e+00	1.673764e-02
9.531703e-05	6.795607e+00	1.673764e-02
9.531703e-05	6.795607e+00	1.673764e-02
9.531703e-05	6.795607e+00	1.673764e-02
9.531703e-05	6.795607e+00	1.673764e-02
9.531703e-05	6.795607e+00	1.673764e-02
9.531703e-05	6.795607e+00	1.673764e-02
9.531703e-05	6.795607e+00	1.673764e-02
9.531703e-05	6.795607e+00	1.673764e-02
9.531703e-05	6.795607e+00	1.673764e-02
9.531703e-05	6.795607e+00	1.673764e-02
9.531703e-05	6.795607e+00	1.673764e-02
9.531703e-05	6.795607e+00	1.673764e-02
9.531703e-05	6.795607e+00	1.673764e-02
9.531703e-05	6.795607e+00	1.673764e-02
9.531703e-05	6.795607e+00	1.673764e-02
9.531703e-05	6.795607e+00	1.673764e-02
9.531703e-05	6.795607e+00	1.673764e-02
9.531703e-05	6.795607e+00	1.673764e-02
9.531703e-05	6.795607e+00	1.673764e-02
9.531703e-05	6.795607e+00	1.673764e-02
9.531703e-05	6.795607e+00	1.673764e-02
9.531703e-05	6.795607e+00	1.673764e-02
9.531703e-05	6.795607e+00	1.673764e-02
9.531703e-05	6.795607e+00	1.673764e-02
9.531703e-05	6.795607e+00	1.673764e-02
9.531703e-05	6.795607e+00	1.673764e-02
9.531703e-05	6.795607e+00	1.673764e-02
9.531703e-05	6.795607e+00	1.673764e-02
9.531703e-05	6.795607e+00	1.673764e-02
9.531703e-05	6.795607e+00	1.673764e-02
9.531703e-05	6.795607e+00	1.673764e-02
9.531703e-05	6.795607e+00	1.673764e-02
9.531703e-05	6.795607e+00	1.673764e-02
9.531703e-05	6.795607e+00	1.673764e-02
9.531703e-05	6.795607e+00	1.673764e-02
9.531703e-05	6.795607e+00	1.673764e-02
9.531703e-05	6.795607e+00	1.673764e-02
9.531703e-05	6.795607e+00	1.673764e-02
9.531703e-05	6.795607e+00	1.673764e-02
9.531703e-05	6.795607e+00	1.673764e-02
9.531703e-05	6.795607e+00	1.673764e-02
9.531703e-05	6.795607e+00	1.673764e-02
9.531703e-05	6.795607e+00	1.673764e-02
9.531703e-05	6.795607e+00	1.673764e-02
9.531703e-05	6.795607e+00	1.673764e-02
9.531703e-05	6.795607e+00	1.673764e-02
9.531703e-05	6.795607e+00	1.673764e-02
9.531703e-05	6.795607e+00	1.673764e-02
9.531703e-05	6.795607e+00	1.673764e-02
9.531703e-05	6.795607e+00	1.673764e-02
9.531703e-05	6.795607e+00	1.673764e-02
9.531703e-05	6.795607e+00	1.673764e-02
9.531703e-05	6.795607e+00	1.673764e-02
9.531703e-05	6.795607e+00	1.673764e-02
9.531703e-05	6.795607e+00	1.673764e-02
9.531703e-05	6.795607e+00	1.673764e-02
9.531703e-05	6.795607e+00	1.673764e-02
9.531703e-05	6.795607e+00	1.673764e-02
9.531703e-05	6.795607e+00	1.673764e-02
9.531703e-05	6.795607e+00	1.673764e-02
9.531703e-05	6.795607e+00	1.673764e-02
9.531703e-05	6.795607e+00	1.673764e-02
9.531703e-05	6.795607e+00	1.673764e-02
9.531703e-05	6.795607e+00	1.673764e-02
9.531703e-05	6.795607e+00	1.673764e-02
9.531703e-05	6.795607e+00	1.673764e-02
9.531703e-05	6.795607e+00	1.673764e-02
9.531703e-05	6.795607e+00	1.673764e-02
9.531703e-05	6.795607e+00	1.673764e-02
9.531703e-05	6.795607e+00	1.673764e-02
9.531703e-05	6.795607e+00	1.673764e-02
9.531703e-05	6.795607e+00	1.673764e-02
9.531703e-05	6.795607e+00	1.673764e-02
9.531703e-05	6.795607e+00	1.673764e-02
9.531703e-05	6.795607e+00	1.673764e-02
9.531703e-05	6.795607e+00	1.673764e-02
9.531703e-05	6.795607e+00	1.673764e-02
9.531703e-05	6.795607e+00	1.673764e-02
9.531703e-05	6.795607e+00	1.673764e-02
9.531703e-05	6.795607e+00	1.673764e-02
9.531703e-05	6.795607e+00	1.673764e-02
9.531703e-05	6.795607e+00	1.673764e-02
9.531703e-05	6.795607e+00	1.673764e-02
9.531703e-05	6.795607e+00	1.673764e-02
9.531703e-05	6.795607e+00	1.673764e-02
9.531703e-05	6.795607e+00	1.673764e-02
9.531703e-05	6.795607e+00	1.673764e-02
9.531703e-05	6.795607e+00	1.673764e-02
9.531703e-05	6.795607e+00	1.673764e-02
9.531703e-05	6.795607e+00	1.673764e-02
9.531703e-05	6.795607e+00	1.673764e-02
9.531703e-05	6.795607e+00	1.673764e-02
9.531703e-05	6.795607e+00	1.673764e-02
9.531703e-05	6.795607e+00	1.673764e-02
9.531703e-05	6.795607e+00	1.673764e-02
9.531703e-05	6.795607e+00	1.673764e-02
9.531703e-05	6.795607e+00	1.673764e-02
9.531703e-05	6.795607e+00	1.673764e-02
9.531703e-05	6.795607e+00	1.673764e-02
9.531703e-05	6.795607e+00	1.673764e-02
9.531703e-05	6.795607e+00	1.673764e-02
9.531703e-05	6.795607e+00	1.673764e-02
9.531703e-05	6.795607e+00	1.673764e-02
9.531703e-05	6.795607e+00	1.673764e-02
9.531703e-05	6.795607e+00	1.673764e-02
9.531703e-05	6.795607e+00	1.673764e-02
9.531703e-05	6.795607e+00	1.673764e-02
9.531703e-05	6.795607e+00	1.673764e-02
9.531703e-05	6.795607e+00	1.673764e-02
9.531703e-05	6.795607e+00	1.673764e-02
9.531703e-05	6.795607e+00	1.673764e-02
9.531703e-05	6.795607e+00	1.673764e-02
9.531703e-05	6.795607e+00	1.673764e-02
9.531703e-05	6.795607e+00	1.673764e-02
9.531703e-05	6.795607e+00	1.673764e-02
9.531703e-05	6.795607e+00	1.673764e-02
9.531703e-05	6.795607e+00	1.673764e-02
9.531703e-05	6.795607e+00	1.673764e-02
9.531703e-05	6.795607e+00	1.673764e-02
9.531703e-05	6.795607e+00	1.673764e-02
9.531703e-05	6.795607e+00	1.673764e-02
9.531703e-05	6.795607e+00	1.673764e-02
9.531703e-05	6.795607e+00	1.673764e-02
9.531703e-05	6.795607e+00	1.673764e-02
9.531703e-05	6.795607e+00	1.673764e-02
9.531703e-05	6.795607e+00	1.673764e-02
9.531703e-05	6.795607e+00	1.673764e-02
9.531703e-05	6.795607e+00	1.673764e-02
9.531703e-05	6.795607e+00	1.673764e-02
9.531703e-05	6.795607e+00	1.673764e-02
9.531703e-05	6.795607e+00	1.673764e-02
9.531703e-05	6.795607e+00	1.673764e-02
9.531703e-05	6.795607e+00	1.673764e-02
9.531703e-05	6.795607e+00	1.673764e-02
9.531703e-05	6.795607e+00	1.673764e-02
9.531703e-05	6.795607e+00	1.673764e-02
9.531703e-05	6.795607e+00	1.673764e-02
9.531703e-05	6.795607e+00	1.673764e-02
9.531703e-05	6.795607e+00	1.673764e-02
9.531703e-05	6.795607e+00	1.673764e-02
9.531703e-05	6.795607e+00	1.673764e-02
9.531703e-05	6.795607e+00	1.673764e-02
9.531703e-05	6.795607e+00	1.673764e-02
9.531703e-05	6.795607e+00	1.673764e-02
9.531703e-05	6.795607e+00	1.673764e-02
9.531703e-05	6.795607e+00	1.673764e-02
9.531703e-05	6.795607e+00	1.673764e-02
9.531703e-05	6.795607e+00	1.673764e-02
9.531703e-05	6.795607e+00	1.673764e-02
9.531703e-05	6.795607e+00	1.673764e-02
9.531703e-05	6.795607e+00	1.673764e-02
9.531703e-05	6.795607e+00	1.673764e-02
9.531703e-05	6.795607e+00	1.673764e-02
9.531703e-05	6.795607e+00	1.673764e-02
9.531703e-05	6.795607e+00	1.673764e-02
9.531703e-05	6.795607e+00	1.673764e-02
9.531703e-05	6.795607e+00	1.673764e-02
9.531703e-05	6.795607e+00	1.673764e-02
9.531703e-05	6.795607e+00	1.673764e-02
9.531703e-05	6.795607e+00	1.673764e-02
9.531703e-05	6.795607e+00	1.673764e-02
9.531703e-05	6.795607e+00	1.673764e-02
9.531703e-05	6.795607e+00	1.673764e-02
9.531703e-05	6.795607e+00	1.673764e-02
9.531703e-05	6.795607e+00	1.673764e-02
9.531703e-05	6.795607e+00	1.673764e-02
9.531703e-05	6.795607e+00	1.673764e-02
9.531703e-05	6.795607e+00	1.673764e-02
9.531703e-05	6.795607e+00	1.673764e-02
9.531703e-05	6.795607e+00	1.673764e-02
9.531703e-05	6.795607e+00	1.673764e-02
9.531703e-05	6.795607e+00	1.673764e-02
9.531703e-05	6.795607e+00	1.673764e-02
9.531703e-05	6.795607e+00	1.673764e-02
9.531703e-05	6.795607e+00	1.673764e-02
9.531703e-05	6.795607e+00	1.673764e-02
9.531703e-05	6.795607e+00	1.673764e-02
9.531703e-05	6.795607e+00	1.673764e-02
9.531703e-05	6.795607e+00	1.673764e-02
9.531703e-05	6.795607e+00	1.673764e-02
9.531703e-05	6.795607e+00	1.673764e-02
9.531703e-05	6.795607e+00	1.673764e-02
9.531703e-05	6.795607e+00	1.673764e-02
9.531703e-05	6.795607e+00	1.673764e-02
9.531703e-05	6.795607e+00	1.673764e-02
9.531703e-05	6.795607e+00	1.673764e-02
9.531703e-05	6.795607e+00	1.673764e-02
9.531703e-05	6.795607e+00	1.673764e-02
9.531703e-05	6.795607e+00	1.673764e-02
9.531703e-05	6.795607e+00	1.673764e-02
9.531703e-05	6.795607e+00	1.673764e-02
9.531703e-05	6.795607e+00	1.673764e-02
9.531703e-05	6.795607e+00	1.673764e-02
9.531703e-05	6.795607e+00	1.673764e-02
9.531703e-05	6.795607e+00	1.673764e-02
9.531703e-05	6.795607e+00	1.673764e-02
9.531703e-05	6.795607e+00	1.673764e-02
9.531703e-05	6.795607e+00	1.673764e-02
9.531703e-05	6.795607e+00	1.673764e-02
9.531703e-05	6.795607e+00	1.673764e-02
9.531703e-05	6.795607e+00	1.673764e-02
9.531703e-05	6.795607e+00	1.673764e-02
9.531703e-05	6.795607e+00	1.673764e-02
9.531703e-05	6.795607e+00	1.673764e-02
9.531703e-05	6.795607e+00	1.673764e-02
9.531703e-05	6.795607e+00	1.673764e-02
9.531703e-05	6.795607e+00	1.673764e-02
9.531703e-05	6.795607e+00	1.673764e-02
9.531703e-05	6.795607e+00	1.673764e-02
9.531703e-05	6.795607e+00	1.673764e-02
9.531703e-05	6.795607e+00	1.673764e-02
9.531703e-05	6.795607e+00	1.673764e-02
9.531703e-05	6.795607e+00	1.673764e-02
9.531703e-05	6.795607e+00	1.673764e-02
9.531703e-05	6.795607e+00	1.673764e-02
9.531703e-05	6.795607e+00	1.673764e-02
9.531703e-05	6.795607e+00	1.673764e-02
9.531703e-05	6.795607e+00	1.673764e-02
9.531703e-05	6.795607e+00	1.673764e-02
9.531703e-05	6.795607e+00	1.673764e-02
9.531703e-05	6.795607e+00	1.673764e-02
9.531703e-05	6.795607e+00	1.673764e-02
9.531703e-05	6.795607e+00	1.673764e-02
9.531703e-05	6.795607e+00	1.673764e-02
9.531703e-05	6.795607e+00	1.673764e-02
9.531703e-05	6.795607e+00	1.673764e-02
9.531703e-05	6.795607e+00	1.673764e-02
9.531703e-05	6.795607e+00	1.673764e-02
9.531703e-05	6.795607e+00	1.673764e-02
9.531703e-05	6.795607e+00	1.673764e-02
9.531703e-05	6.795607e+00	1.673764e-02
9.531703e-05	6.795607e+00	1.673764e-02
9.531703e-05	6.795607e+00	1.673764e-02
9.531703e-05	6.795607e+00	1.673764e-02
9.531703e-05	6.795607e+00	1.673764e-02
9.531703e-05	6.795607e+00	1.673764e-02
9.531703e-05	6.795607e+00	1.673764e-02
9.531703e-05	6.795607e+00	1.673764e-02
9.531703e-05	6.795607e+00	1.673764e-02
9.531703e-05	6.795607e+00	1.673764e-02
9.531703e-05	6.795607e+00	1.673764e-02
9.531703e-05	6.795607e+00	1.673764e-02
9.531703e-05	6.795607e+00	1.673764e-02
9.531703e-05	6.795607e+00	1.673764e-02
9.531703e-05	6.795607e+00	1.673764e-02
9.531703e-05	6.795607e+00	1.673764e-02
9.531703e-05	6.795607e+00	1.673764e-02
9.531703e-05	6.795607e+00	1.673764e-02
9.531703e-05	6.795607e+00	1.673764e-02
9.531703e-05	6.795607e+00	1.673764e-02
9.531703e-05	6.795607e+00	1.673764e-02
9.531703e-05	6.795607e+00	1.673764e-02
9.531703e-05	6.795607e+00	1.673764e-02
9.531703e-05	6.795607e+00	1.673764e-02
9.531703e-05	6.795607e+00	1.673764e-02
9.531703e-05	6.795607e+00	1.673764e-02
9.531703e-05	6.795607e+00	1.673764e-02
9.531703e-05	6.795607e+00	1.673764e-02
9.531703e-05	6.795607e+00	1.673764e-02
9.531703e-05	6.795607e+00	1.673764e-02
9.531703e-05	6.795607e+00	1.673764e-02
9.531703e-05	6.795607e+00	1.673764e-02
9.531703e-05	6.795607e+00	1.673764e-02
9.531703e-05	6.795607e+00	1.673764e-02
9.531703e-05	6.795607e+00	1.673764e-02
9.531703e-05	6.795607e+00	1.673764e-02
9.531703e-05	6.795607e+00	1.673764e-02
9.531703e-05	6.795607e+00	1.673764e-02
9.531703e-05	6.795607e+00	1.673764e-02
9.531703e-05	6.795607e+00	1.673764e-02
9.531703e-05	6.795607e+00	1.673764e-02
9.531703e-05	6.795607e+00	1.673764e-02
9.531703e-05	6.795607e+00	1.673764e-02
9.531703e-05	6.795607e+00	1.673764e-02
9.531703e-05	6.795607e+00	1.673764e-02
9.531703e-05	6.795607e+00	1.673764e-02
9.531703e-05	6.795607e+00	1.673764e-02
9.531703e-05	6.795607e+00	1.673764e-02
9.531703e-05	6.795607e+00	1.673764e-02
9.531703e-05	6.795607e+00	1.673764e-02
9.531703e-05	6.795607e+00	1.673764e-02
9.531703e-05	6.795607e+00	1.673764e-02
9.531703e-05	6.795607e+00	1.673764e-02
9.531703e-05	6.795607e+00	1.673764e-02
9.531703e-05	6.795607e+00	1.673764e-02
9.531703e-05	6.795607e+00	1.673764e-02
9.531703e-05	6.795607e+00	1.673764e-02
9.531703e-05	6.795607e+00	1.673764e-02
9.531703e-05	6.795607e+00	1.673764e-02
9.531703e-05	6.795607e+00	1.673764e-02
9.531703e-05	6.795607e+00	1.673764e-02
9.531703e-05	6.795607e+00	1.673764e-02
9.531703e-05	6.795607e+00	1.673764e-02
9.531703e-05	6.795607e+00	1.673764e-02
9.531703e-05	6.795607e+00	1.673764e-02
9.531703e-05	6.795607e+00	1.673764e-02
9.531703e-05	6.795607e+00	1.673764e-02
9.531703e-05	6.795607e+00	1.673764e-02
9.531703e-05	6.795607e+00	1.673764e-02
9.531703e-05	6.795607e+00	1.673764e-02
9.531703e-05	6.795607e+00	1.673764e-02
9.531703e-05	6.795607e+00	1.673764e-02
9.531703e-05	6.795607e+00	1.673764e-02
9.531703e-05	6.795607e+00	1.673764e-02
9.531703e-05	6.795607e+00	1.673764e-02
9.531703e-05	6.795607e+00	1.673764e-02
9.531703e-05	6.795607e+00	1.673764e-02
9.531703e-05	6.795607e+00	1.673764e-02
9.531703e-05	6.795607e+00	1.673764e-02
9.531703e-05	6.795607e+00	1.673764e-02
9.531703e-05	6.795607e+00	1.673764e-02
9.531703e-05	6.795607e+00	1.673764e-02
9.531703e-05	6.795607e+00	1.673764e-02
9.531703e-05	6.795607e+00	1.673764e-02
9.531703e-05	6.795607e+00	1.673764e-02
9.531703e-05	6.795607e+00	1.673764e-02
9.531703e-05	6.795607e+00	1.673764e-02
9.531703e-05	6.795607e+00	1.673764e-02
9.531703e-05	6.795607e+00	1.673764e-02
9.531703e-05	6.795607e+00	1.673764e-02
9.531703e-05	6.795607e+00	1.673764e-02
9.531703e-05	6.795607e+00	1.673764e-02
9.531703e-05	6.795607e+00	1.673764e-02
9.531703e-05	6.795607e+00	1.673764e-02
9.531703e-05	6.795607e+00	1.673764e-02
9.531703e-05	6.795607e+00	1.673764e-02
9.531703e-05	6.795607e+00	1.673764e-02
9.531703e-05	6.795607e+00	1.673764e-02
9.531703e-05	6.795607e+00	1.673764e-02
9.531703e-05	6.795607e+00	1.673764e-02
9.531703e-05	6.795607e+00	1.673764e-02
9.531703e-05	6.795607e+00	1.673764e-02
9.531703e-05	6.795607e+00	1.673764e-02
9.531703e-05	6.795607e+00	1.673764e-02
9.531703e-05	6.795607e+00	1.673764e-02
9.531703e-05	6.795607e+00	1.673764e-02
9.531703e-05	6.795607e+00	1.673764e-02
9.531703e-05	6.795607e+00	1.673764e-02
9.531703e-05	6.795607e+00	1.673764e-02
9.531703e-05	6.795607e+00	1.673764e-02
9.531703e-05	6.795607e+00	1.673764e-02
9.531703e-05	6.795607e+00	1.673764e-02
9.531703e-05	6.795607e+00	1.673764e-02
9.531703e-05	6.795607e+00	1.673764e-02
9.531703e-05	6.795607e+00	1.673764e-02
9.531703e-05	6.795607e+00	1.673764e-02
9.531703e-05	6.795607e+00	1.673764e-02
9.531703e-05	6.795607e+00	1.673764e-02
9.531703e-05	6.795607e+00	1.673764e-02
9.531703e-05	6.795607e+00	1.673764e-02
9.531703e-05	6.795607e+00	1.673764e-02
9.531703e-05	6.795607e+00	1.673764e-02
9.531703e-05	6.795607e+00	1.673764e-02
9.531703e-05	6.795607e+00	1.673764e-02
9.531703e-05	6.795607e+00	1.673764e-02
9.531703e-05	6.795607e+00	1.673764e-02
9.531703e-05	6.795607e+00	1.673764e-02
9.531703e-05	6.795607e+00	1.673764e-02
9.531703e-05	6.795607e+00	1.673764e-02
9.531703e-05	6.795607e+00	1.673764e-02
9.531703e-05	6.795607e+00	1.673764e-02
9.531703e-05	6.795607e+00	1.673764e-02
9.531703e-05	6.795607e+00	1.673764e-02
9.531703e-05	6.795607e+00	1.673764e-02
9.531703e-05	6.795607e+00	1.673764e-02
9.531703e-05	6.795607e+00	1.673764e-02
9.531703e-05	6.795607e+00	1.673764e-02
9.531703e-05	6.795607e+00	1.673764e-02
9.531703e-05	6.795607e+00	1.673764e-02
9.531703e-05	6.795607e+00	1.673764e-02
9.531703e-05	6.795607e+00	1.673764e-02
9.531703e-05	6.795607e+00	1.673764e-02
9.531703e-05	6.795607e+00	1.673764e-02
9.531703e-05	6.795607e+00	1.673764e-02
9.531703e-05	6.795607e+00	1.673764e-02
9.531703e-05	6.795607e+00	1.673764e-02
9.531703e-05	6.795607e+00	1.673764e-02
9.531703e-05	6.795607e+00	1.673764e-02
9.531703e-05	6.795607e+00	1.673764e-02
9.531703e-05	6.795607e+00	1.673764e-02
9.531703e-05	6.795607e+00	1.673764e-02
9.531703e-05	6.795607e+00	1.673764e-02
9.531703e-05	6.795607e+00	1.673764e-02
9.531703e-05	6.795607e+00	1.673764e-02
9.531703e-05	6.795607e+00	1.673764e-02
9.531703e-05	6.795607e+00	1.673764e-02
9.531703e-05	6.795607e+00	1.673764e-02
9.531703e-05	6.795607e+00	1.673764e-02
9.531703e-05	6.795607e+00	1.673764e-02
9.531703e-05	6.795607e+00	1.673764e-02
9.531703e-05	6.795607e+00	1.673764e-02
9.531703e-05	6.795607e+00	1.673764e-02
9.531703e-05	6.795607e+00	1.673764e-02
9.531703e-05	6.795607e+00	1.673764e-02
9.531703e-05	6.795607e+00	1.673764e-02
9.531703e-05	6.795607e+00	1.673764e-02
9.531703e-05	6.795607e+00	1.673764e-02
9.531703e-05	6.795607e+00	1.673764e-02
9.531703e-05	6.795607e+00	1.673764e-02
9.531703e-05	6.795607e+00	1.673764e-02
9.531703e-05	6.795607e+00	1.673764e-02
9.531703e-05	6.795607e+00	1.673764e-02
9.531703e-05	6.795607e+00	1.673764e-02
9.531703e-05	6.795607e+00	1.673764e-02
9.531703e-05	6.795607e+00	1.673764e-02
9.531703e-05	6.795607e+00	1.673764e-02
9.531703e-05	6.795607e+00	1.673764e-02
9.531703e-05	6.795607e+00	1.673764e-02
9.531703e-05	6.795607e+00	1.673764e-02
9.531703e-05	6.795607e+00	1.673764e-02
9.531703e-05	6.795607e+00	1.673764e-02
9.531703e-05	6.795607e+00	1.673764e-02
9.531703e-05	6.795607e+00	1.673764e-02
9.531703e-05	6.795607e+00	1.673764e-02
9.531703e-05	6.795607e+00	1.673764e-02
9.531703e-05	6.795607e+00	1.673764e-02
9.531703e-05	6.795607e+00	1.673764e-02
9.531703e-05	6.795607e+00	1.673764e-02
9.531703e-05	6.795607e+00	1.673764e-02
9.531703e-05	6.795607e+00	1.673764e-02
9.531703e-05	6.795607e+00	1.673764e-02
9.531703e-05	6.795607e+00	1.673764e-02
9.531703e-05	6.795607e+00	1.673764e-02
9.531703e-05	6.795607e+00	1.673764e-02
9.531703e-05	6.795607e+00	1.673764e-02
9.531703e-05	6.795607e+00	1.673764e-02
9.531703e-05	6.795607e+00	1.673764e-02
9.531703e-05	6.795607e+00	1.673764e-02
9.531703e-05	6.795607e+00	1.673764e-02
9.531703e-05	6.795607e+00	1.673764e-02
9.531703e-05	6.795607e+00	1.673764e-02
9.531703e-05	6.795607e+00	1.673764e-02
9.531703e-05	6.795607e+00	1.673764e-02
9.531703e-05	6.795607e+00	1.673764e-02
9.531703e-05	6.795607e+00	1.673764e-02
9.531703e-05	6.795607e+00	1.673764e-02
9.531703e-05	6.795607e+00	1.673764e-02
9.531703e-05	6.795607e+00	1.673764e-02
9.531703e-05	6.795607e+00	1.673764e-02
9.531703e-05	6.795607e+00	1.673764e-02
9.531703e-05	6.795607e+00	1.673764e-02
9.531703e-05	6.795607e+00	1.673764e-02
9.531703e-05	6.795607e+00	1.673764e-02
9.531703e-05	6.795607e+00	1.673764e-02
9.531703e-05	6.795607e+00	1.673764e-02
9.531703e-05	6.795607e+00	1.673764e-02
9.531703e-05	6.795607e+00	1.673764e-02
9.531703e-05	6.795607e+00	1.673764e-02
9.531703e-05	6.795607e+00	1.673764e-02
9.531703e-05	6.795607e+00	1.673764e-02
9.531703e-05	6.795607e+00	1.673764e-02
9.531703e-05	6.795607e+00	1.673764e-02
9.531703e-05	6.795607e+00	1.673764e-02
9.531703e-05	6.795607e+00	1.673764e-02
9.531703e-05	6.795607e+00	1.673764e-02
9.531703e-05	6.795607e+00	1.673764e-02
9.531703e-05	6.795607e+00	1.673764e-02
9.531703e-05	6.795607e+00	1.673764e-02
9.531703e-05	6.795607e+00	1.673764e-02
9.531703e-05	6.795607e+00	1.673764e-02
9.531703e-05	6.795607e+00	1.673764e-02
9.531703e-05	6.795607e+00	1.673764e-02
9.531703e-05	6.795607e+00	1.673764e-02
9.531703e-05	6.795607e+00	1.673764e-02
9.531703e-05	6.795607e+00	1.673764e-02
9.531703e-05	6.795607e+00	1.673764e-02
9.531703e-05	6.795607e+00	1.673764e-02
9.531703e-05	6.795607e+00	1.673764e-02
9.531703e-05	6.795607e+00	1.673764e-02
9.531703e-05	6.795607e+00	1.673764e-02
9.531703e-05	6.795607e+00	1.673764e-02
9.531703e-05	6.795607e+00	1.673764e-02
9.531703e-05	6.795607e+00	1.673764e-02
9.531703e-05	6.795607e+00	1.673764e-02
9.531703e-05	6.795607e+00	1.673764e-02
9.531703e-05	6.795607e+00	1.673764e-02
9.531703e-05	6.795607e+00	1.673764e-02
9.531703e-05	6.795607e+00	1.673764e-02
9.531703e-05	6.795607e+00	1.673764e-02
9.531703e-05	6.795607e+00	1.673764e-02
9.531703e-05	6.795607e+00	1.673764e-02
9.531703e-05	6.795607e+00	1.673764e-02
9.531703e-05	6.795607e+00	1.673764e-02
9.531703e-05	6.795607e+00	1.673764e-02
9.531703e-05	6.795607e+00	1.673764e-02
9.531703e-05	6.795607e+00	1.673764e-02
9.531703e-05	6.795607e+00	1.673764e-02
9.531703e-05	6.795607e+00	1.673764e-02
9.531703e-05	6.795607e+00	1.673764e-02
9.531703e-05	6.795607e+00	1.673764e-02
9.531703e-05	6.795607e+00	1.673764e-02
9.531703e-05	6.795607e+00	1.673764e-02
9.531703e-05	6.795607e+00	1.673764e-02
9.531703e-05	6.795607e+00	1.673764e-02
9.531703e-05	6.795607e+00	1.673764e-02
9.531703e-05	6.795607e+00	1.673764e-02
9.531703e-05	6.795607e+00	1.673764e-02
9.531703e-05	6.795607e+00	1.673764e-02
9.531703e-05	6.795607e+00	1.673764e-02
9.531703e-05	6.795607e+00	1.673764e-02
9.531703e-05	6.795607e+00	1.673764e-02
9.531703e-05	6.795607e+00	1.673764e-02
9.531703e-05	6.795607e+00	1.673764e-02
9.531703e-05	6.795607e+00	1.673764e-02
9.531703e-05	6.795607e+00	1.673764e-02
9.531703e-05	6.795607e+00	1.673764e-02
9.531703e-05	6.795607e+00	1.673764e-02
9.531703e-05	6.795607e+00	1.673764e-02
9.531703e-05	6.795607e+00	1.673764e-02
9.531703e-05	6.795607e+00	1.673764e-02
9.531703e-05	6.795607e+00	1.673764e-02
9.531703e-05	6.795607e+00	1.673764e-02
9.531703e-05	6.795607e+00	1.673764e-02
9.531703e-05	6.795607e+00	1.673764e-02
9.531703e-05	6.795607e+00	1.673764e-02
9.531703e-05	6.795607e+00	1.673764e-02
9.531703e-05	6.795607e+00	1.673764e-02
9.531703e-05	6.795607e+00	1.673764e-02
9.531703e-05	6.795607e+00	1.673764e-02
9.531703e-05	6.795607e+00	1.673764e-02
9.531703e-05	6.795607e+00	1.673764e-02
9.531703e-05	6.795607e+00	1.673764e-02
9.531703e-05	6.795607e+00	1.673764e-02
9.531703e-05	6.795607e+00	1.673764e-02
9.531703e-05	6.795607e+00	1.673764e-02
9.531703e-05	6.795607e+00	1.673764e-02
9.531703e-05	6.795607e+00	1.673764e-02
9.531703e-05	6.795607e+00	1.673764e-02
9.531703e-05	6.795607e+00	1.673764e-02
9.531703e-05	6.795607e+00	1.673764e-02
9.531703e-05	6.795607e+00	1.673764e-02
9.531703e-05	6.795607e+00	1.673764e-02
9.531703e-05	6.795607e+00	1.673764e-02
9.531703e-05	6.795607e+00	1.673764e-02
9.531703e-05	6.795607e+00	1.673764e-02
9.531703e-05	6.795607e+00	1.673764e-02
9.531703e-05	6.795607e+00	1.673764e-02
9.531703e-05	6.795607e+00	1.673764e-02
9.531703e-05	6.795607e+00	1.673764e-02
9.531703e-05	6.795607e+00	1.673764e-02
9.531703e-05	6.795607e+00	1.673764e-02
9.531703e-05	6.795607e+00	1.673764e-02
9.531703e-05	6.795607e+00	1.673764e-02
9.531703e-05	6.795607e+00	1.673764e-02
9.531703e-05	6.795607e+00	1.673764e-02
9.531703e-05	6.795607e+00	1.673764e-02
9.531703e-05	6.795607e+00	1.673764e-02
9.531703e-05	6.795607e+00	1.673764e-02
9.531703e-05	6.795607e+00	1.673764e-02
9.531703e-05	6.795607e+00	1.673764e-02
9.531703e-05	6.795607e+00	1.673764e-02
9.531703e-05	6.795607e+00	1.673764e-02
9.531703e-05	6.795607e+00	1.673764e-02
9.531703e-05	6.795607e+00	1.673764e-02
9.531703e-05	6.795607e+00	1.673764e-02
9.531703e-05	6.795607e+00	1.673764e-02
9.531703e-05	6.795607e+00	1.673764e-02
9.531703e-05	6.795607e+00	1.673764e-02
9.531703e-05	6.795607e+00	1.673764e-02
9.531703e-05	6.795607e+00	1.673764e-02
9.531703e-05	6.795607e+00	1.673764e-02
9.531703e-05	6.795607e+00	1.673764e-02
9.531703e-05	6.795607e+00	1.673764e-02
9.531703e-05	6.795607e+00	1.673764e-02
9.531703e-05	6.795607e+00	1.673764e-02
9.531703e-05	6.795607e+00	1.673764e-02
9.531703e-05	6.795607e+00	1.673764e-02
9.531703e-05	6.795607e+00	1.673764e-02
9.531703e-05	6.795607e+00	1.673764e-02
9.531703e-05	6.795607e+00	1.673764e-02
9.531703e-05	6.795607e+00	1.673764e-02
9.531703e-05	6.795607e+00	1.673764e-02
9.531703e-05	6.795607e+00	1.673764e-02
9.531703e-05	6.795607e+00	1.673764e-02
9.531703e-05	6.795607e+00	1.673764e-02
9.531703e-05	6.795607e+00	1.673764e-02
9.531703e-05	6.795607e+00	1.673764e-02
9.531703e-05	6.795607e+00	1.673764e-02
9.531703e-05	6.795607e+00	1.673764e-02
9.531703e-05	6.795607e+00	1.673764e-02
9.531703e-05	6.795607e+00	1.673764e-02
9.531703e-05	6.795607e+00	1.673764e-02
9.531703e-05	6.795607e+00	1.673764e-02
9.531703e-05	6.795607e+00	1.673764e-02
9.531703e-05	6.795607e+00	1.673764e-02
9.531703e-05	6.795607e+00	1.673764e-02
9.531703e-05	6.795607e+00	1.673764e-02
9.531703e-05	6.795607e+00	1.673764e-02
9.531703e-05	6.795607e+00	1.673764e-02
9.531703e-05	6.795607e+00	1.673764e-02
9.531703e-05	6.795607e+00	1.673764e-02
9.531703e-05	6.795607e+00	1.673764e-02
9.531703e-05	6.795607e+00	1.673764e-02
9.531703e-05	6.795607e+00	1.673764e-02
9.531703e-05	6.795607e+00	1.673764e-02
9.531703e-05	6.795607e+00	1.673764e-02
9.531703e-05	6.795607e+00	1.673764e-02
9.531703e-05	6.795607e+00	1.673764e-02
9.531703e-05	6.795607e+00	1.673764e-02
9.531703e-05	6.795607e+00	1.673764e-02
9.531703e-05	6.795607e+00	1.673764e-02
9.531703e-05	6.795607e+00	1.673764e-02
9.531703e-05	6.795607e+00	1.673764e-02
9.531703e-05	6.795607e+00	1.673764e-02
9.531703e-05	6.795607e+00	1.673764e-02
9.531703e-05	6.795607e+00	1.673764e-02
9.531703e-05	6.795607e+00	1.673764e-02
9.531703e-05	6.795607e+00	1.673764e-02
9.531703e-05	6.795607e+00	1.673764e-02
9.531703e-05	6.795607e+00	1.673764e-02
9.531703e-05	6.795607e+00	1.673764e-02
9.531703e-05	6.795607e+00	1.673764e-02
9.531703e-05	6.795607e+00	1.673764e-02
9.531703e-05	6.795607e+00	1.673764e-02
9.531703e-05	6.795607e+00	1.673764e-02
9.531703e-05	6.795607e+00	1.673764e-02
9.531703e-05	6.795607e+00	1.673764e-02
9.531703e-05	6.795607e+00	1.673764e-02
9.531703e-05	6.795607e+00	1.673764e-02
9.531703e-05	6.795607e+00	1.673764e-02
9.531703e-05	6.795607e+00	1.673764e-02
9.531703e-05	6.795607e+00	1.673764e-02
9.531703e-05	6.795607e+00	1.673764e-02
9.531703e-05	6.795607e+00	1.673764e-02
9.531703e-05	6.795607e+00	1.673764e-02
9.531703e-05	6.795607e+00	1.673764e-02
9.531703e-05	6.795607e+00	1.673764e-02
9.531703e-05	6.795607e+00	1.673764e-02
9.531703e-05	6.795607e+00	1.673764e-02
9.531703e-05	6.795607e+00	1.673764e-02
9.531703e-05	6.795607e+00	1.673764e-02
9.531703e-05	6.795607e+00	1.673764e-02
9.531703e-05	6.795607e+00	1.673764e-02
9.531703e-05	6.795607e+00	1.673764e-02
9.531703e-05	6.795607e+00	1.673764e-02
9.531703e-05	6.795607e+00	1.673764e-02
9.531703e-05	6.795607e+00	1.673764e-02
9.531703e-05	6.795607e+00	1.673764e-02
9.531703e-05	6.795607e+00	1.673764e-02
9.531703e-05	6.795607e+00	1.673764e-02
9.531703e-05	6.795607e+00	1.673764e-02
9.531703e-05	6.795607e+00	1.673764e-02
9.531703e-05	6.795607e+00	1.673764e-02
9.531703e-05	6.795607e+00	1.673764e-02
9.531703e-05	6.795607e+00	1.673764e-02
9.531703e-05	6.795607e+00	1.673764e-02
9.531703e-05	6.795607e+00	1.673764e-02
9.531703e-05	6.795607e+00	1.673764e-02
9.531703e-05	6.795607e+00	1.673764e-02
9.531703e-05	6.795607e+00	1.673764e-02
9.531703e-05	6.795607e+00	1.673764e-02
9.531703e-05	6.795607e+00	1.673764e-02
9.531703e-05	6.795607e+00	1.673764e-02
9.531703e-05	6.795607e+00	1.673764e-02
9.531703e-05	6.795607e+00	1.673764e-02
9.531703e-05	6.795607e+00	1.673764e-02
9.531703e-05	6.795607e+00	1.673764e-02
9.531703e-05	6.795607e+00	1.673764e-02
9.531703e-05	6.795607e+00	1.673764e-02
9.531703e-05	6.795607e+00	1.673764e-02
9.531703e-05	6.795607e+00	1.673764e-02
9.531703e-05	6.795607e+00	1.673764e-02
9.531703e-05	6.795607e+00	1.673764e-02
9.531703e-05	6.795607e+00	1.673764e-02
9.531703e-05	6.795607e+00	1.673764e-02
9.531703e-05	6.795607e+00	1.673764e-02
9.531703e-05	6.795607e+00	1.673764e-02
9.531703e-05	6.795607e+00	1.673764e-02
9.531703e-05	6.795607e+00	1.673764e-02
9.531703e-05	6.795607e+00	1.673764e-02
9.531703e-05	6.795607e+00	1.673764e-02
9.531703e-05	6.795607e+00	1.673764e-02
9.531703e-05	6.795607e+00	1.673764e-02
9.531703e-05	6.795607e+00	1.673764e-02
9.531703e-05	6.795607e+00	1.673764e-02
9.531703e-05	6.795607e+00	1.673764e-02
9.531703e-05	6.795607e+00	1.673764e-02
9.531703e-05	6.795607e+00	1.673764e-02
9.531703e-05	6.795607e+00	1.673764e-02
9.531703e-05	6.795607e+00	1.673764e-02
9.531703e-05	6.795607e+00	1.673764e-02
9.531703e-05	6.795607e+00	1.673764e-02
9.531703e-05	6.795607e+00	1.673764e-02
9.531703e-05	6.795607e+00	1.673764e-02
9.531703e-05	6.795607e+00	1.673764e-02
9.531703e-05	6.795607e+00	1.673764e-02
9.531703e-05	6.795607e+00	1.673764e-02
9.531703e-05	6.795607e+00	1.673764e-02
9.531703e-05	6.795607e+00	1.673764e-02
9.531703e-05	6.795607e+00	1.673764e-02
9.531703e-05	6.795607e+00	1.673764e-02
9.531703e-05	6.795607e+00	1.673764e-02
9.531703e-05	6.795607e+00	1.673764e-02
9.531703e-05	6.795607e+00	1.673764e-02
9.531703e-05	6.795607e+00	1.673764e-02
9.531703e-05	6.795607e+00	1.673764e-02
9.531703e-05	6.795607e+00	1.673764e-02
9.531703e-05	6.795607e+00	1.673764e-02
9.531703e-05	6.795607e+00	1.673764e-02
9.531703e-05	6.795607e+00	1.673764e-02
9.531703e-05	6.795607e+00	1.673764e-02
9.531703e-05	6.795607e+00	1.673764e-02
9.531703e-05	6.795607e+00	1.673764e-02
9.531703e-05	6.795607e+00	1.673764e-02
9.531703e-05	6.795607e+00	1.673764e-02
9.531703e-05	6.795607e+00	1.673764e-02
9.531703e-05	6.795607e+00	1.673764e-02
9.531703e-05	6.795607e+00	1.673764e-02
9.531703e-05	6.795607e+00	1.673764e-02
9.531703e-05	6.795607e+00	1.673764e-02
9.531703e-05	6.795607e+00	1.673764e-02
9.531703e-05	6.795607e+00	1.673764e-02
9.531703e-05	6.795607e+00	1.673764e-02
9.531703e-05	6.795607e+00	1.673764e-02
9.531703e-05	6.795607e+00	1.673764e-02
9.531703e-05	6.795607e+00	1.673764e-02
9.531703e-05	6.795607e+00	1.673764e-02
9.531703e-05	6.795607e+00	1.673764e-02
9.531703e-05	6.795607e+00	1.673764e-02
9.531703e-05	6.795607e+00	1.673764e-02
9.531703e-05	6.795607e+00	1.673764e-02
9.531703e-05	6.795607e+00	1.673764e-02
9.531703e-05	6.795607e+00	1.673764e-02
9.531703e-05	6.795607e+00	1.673764e-02
9.531703e-05	6.795607e+00	1.673764e-02
9.531703e-05	6.795607e+00	1.673764e-02
9.531703e-05	6.795607e+00	1.673764e-02
9.531703e-05	6.795607e+00	1.673764e-02
9.531703e-05	6.795607e+00	1.673764e-02
9.531703e-05	6.795607e+00	1.673764e-02
9.531703e-05	6.795607e+00	1.673764e-02
9.531703e-05	6.795607e+00	1.673764e-02
9.531703e-05	6.795607e+00	1.673764e-02
9.531703e-05	6.795607e+00	1.673764e-02
9.531703e-05	6.795607e+00	1.673764e-02
9.531703e-05	6.795607e+00	1.673764e-02
9.531703e-05	6.795607e+00	1.673764e-02
9.531703e-05	6.795607e+00	1.673764e-02
9.531703e-05	6.795607e+00	1.673764e-02
9.531703e-05	6.795607e+00	1.673764e-02
9.531703e-05	6.795607e+00	1.673764e-02
9.531703e-05	6.795607e+00	1.673764e-02
9.531703e-05	6.795607e+00	1.673764e-02
9.531703e-05	6.795607e+00	1.673764e-02
9.531703e-05	6.795607e+00	1.673764e-02
9.531703e-05	6.795607e+00	1.673764e-02
9.531703e-05	6.795607e+00	1.673764e-02
9.531703e-05	6.795607e+00	1.673764e-02
9.531703e-05	6.795607e+00	1.673764e-02
9.531703e-05	6.795607e+00	1.673764e-02
9.531703e-05	6.795607e+00	1.673764e-02
9.531703e-05	6.795607e+00	1.673764e-02
9.531703e-05	6.795607e+00	1.673764e-02
9.531703e-05	6.795607e+00	1.673764e-02
9.531703e-05	6.795607e+00	1.673764e-02
9.531703e-05	6.795607e+00	1.673764e-02
9.531703e-05	6.795607e+00	1.673764e-02
9.531703e-05	6.795607e+00	1.673764e-02
9.531703e-05	6.795607e+00	1.673764e-02
9.531703e-05	6.795607e+00	1.673764e-02
9.531703e-05	6.795607e+00	1.673764e-02
9.531703e-05	6.795607e+00	1.673764e-02
9.531703e-05	6.795607e+00	1.673764e-02
9.531703e-05	6.795607e+00	1.673764e-02
9.531703e-05	6.795607e+00	1.673764e-02
9.531703e-05	6.795607e+00	1.673764e-02
9.531703e-05	6.795607e+00	1.673764e-02
9.531703e-05	6.795607e+00	1.673764e-02
9.531703e-05	6.795607e+00	1.673764e-02
9.531703e-05	6.795607e+00	1.673764e-02
9.531703e-05	6.795607e+00	1.673764e-02
9.531703e-05	6.795607e+00	1.673764e-02
9.531703e-05	6.795607e+00	1.673764e-02
9.531703e-05	6.795607e+00	1.673764e-02
9.531703e-05	6.795607e+00	1.673764e-02
9.531703e-05	6.795607e+00	1.673764e-02
9.531703e-05	6.795607e+00	1.673764e-02
9.531703e-05	6.795607e+00	1.673764e-02
9.531703e-05	6.795607e+00	1.673764e-02
9.531703e-05	6.795607e+00	1.673764e-02
9.531703e-05	6.795607e+00	1.673764e-02
9.531703e-05	6.795607e+00	1.673764e-02
9.531703e-05	6.795607e+00	1.673764e-02
9.531703e-05	6.795607e+00	1.673764e-02
9.531703e-05	6.795607e+00	1.673764e-02
9.531703e-05	6.795607e+00	1.673764e-02
9.531703e-05	6.795607e+00	1.673764e-02
9.531703e-05	6.795607e+00	1.673764e-02
9.531703e-05	6.795607e+00	1.673764e-02
9.531703e-05	6.795607e+00	1.673764e-02
9.531703e-05	6.795607e+00	1.673764e-02
9.531703e-05	6.795607e+00	1.673764e-02
9.531703e-05	6.795607e+00	1.673764e-02
9.531703e-05	6.795607e+00	1.673764e-02
9.531703e-05	6.795607e+00	1.673764e-02
9.531703e-05	6.795607e+00	1.673764e-02
9.531703e-05	6.795607e+00	1.673764e-02
9.531703e-05	6.795607e+00	1.673764e-02
9.531703e-05	6.795607e+00	1.673764e-02
9.531703e-05	6.795607e+00	1.673764e-02
9.531703e-05	6.795607e+00	1.673764e-02
9.531703e-05	6.795607e+00	1.673764e-02
9.531703e-05	6.795607e+00	1.673764e-02
9.531703e-05	6.795607e+00	1.673764e-02
9.531703e-05	6.795607e+00	1.673764e-02
9.531703e-05	6.795607e+00	1.673764e-02
9.531703e-05	6.795607e+00	1.673764e-02
9.531703e-05	6.795607e+00	1.673764e-02
9.531703e-05	6.795607e+00	1.673764e-02
9.531703e-05	6.795607e+00	1.673764e-02
9.531703e-05	6.795607e+00	1.673764e-02
9.531703e-05	6.795607e+00	1.673764e-02
9.531703e-05	6.795607e+00	1.673764e-02
9.531703e-05	6.795607e+00	1.673764e-02
9.531703e-05	6.795607e+00	1.673764e-02
9.531703e-05	6.795607e+00	1.673764e-02
9.531703e-05	6.795607e+00	1.673764e-02
9.531703e-05	6.795607e+00	1.673764e-02
9.531703e-05	6.795607e+00	1.673764e-02
9.531703e-05	6.795607e+00	1.673764e-02
9.531703e-05	6.795607e+00	1.673764e-02
9.531703e-05	6.795607e+00	1.673764e-02
9.531703e-05	6.795607e+00	1.673764e-02
9.531703e-05	6.795607e+00	1.673764e-02
9.531703e-05	6.795607e+00	1.673764e-02
9.531703e-05	6.795607e+00	1.673764e-02
9.531703e-05	6.795607e+00	1.673764e-02
9.531703e-05	6.795607e+00	1.673764e-02
9.531703e-05	6.795607e+00	1.673764e-02
9.531703e-05	6.795607e+00	1.673764e-02
9.531703e-05	6.795607e+00	1.673764e-02
9.531703e-05	6.795607e+00	1.673764e-02
9.531703e-05	6.795607e+00	1.673764e-02
9.531703e-05	6.795607e+00	1.673764e-02
9.531703e-05	6.795607e+00	1.673764e-02
9.531703e-05	6.795607e+00	1.673764e-02
9.531703e-05	6.795607e+00	1.673764e-02
9.531703e-05	6.795607e+00	1.673764e-02
9.531703e-05	6.795607e+00	1.673764e-02
9.531703e-05	6.795607e+00	1.673764e-02
9.531703e-05	6.795607e+00	1.673764e-02
9.531703e-05	6.795607e+00	1.673764e-02
9.531703e-05	6.795607e+00	1.673764e-02
9.531703e-05	6.795607e+00	1.673764e-02
9.531703e-05	6.795607e+00	1.673764e-02
9.531703e-05	6.795607e+00	1.673764e-02
9.531703e-05	6.795607e+00	1.673764e-02
9.531703e-05	6.795607e+00	1.673764e-02
9.531703e-05	6.795607e+00	1.673764e-02
9.531703e-05	6.795607e+00	1.673764e-02
9.531703e-05	6.795607e+00	1.673764e-02
9.531703e-05	6.795607e+00	1.673764e-02
9.531703e-05	6.795607e+00	1.673764e-02
9.531703e-05	6.795607e+00	1.673764e-02
9.531703e-05	6.795607e+00	1.673764e-02
9.531703e-05	6.795607e+00	1.673764e-02
9.531703e-05	6.795607e+00	1.673764e-02
9.531703e-05	6.795607e+00	1.673764e-02
9.531703e-05	6.795607e+00	1.673764e-02
9.531703e-05	6.795607e+00	1.673764e-02
9.531703e-05	6.795607e+00	1.673764e-02
9.531703e-05	6.795607e+00	1.673764e-02
9.531703e-05	6.795607e+00	1.673764e-02
9.531703e-05	6.795607e+00	1.673764e-02
9.531703e-05	6.795607e+00	1.673764e-02
9.531703e-05	6.795607e+00	1.673764e-02
9.531703e-05	6.795607e+00	1.673764e-02
9.531703e-05	6.795607e+00	1.673764e-02
9.531703e-05	6.795607e+00	1.673764e-02
9.531703e-05	6.795607e+00	1.673764e-02
9.531703e-05	6.795607e+00	1.673764e-02
9.531703e-05	6.795607e+00	1.673764e-02
9.531703e-05	6.795607e+00	1.673764e-02
9.531703e-05	6.795607e+00	1.673764e-02
9.531703e-05	6.795607e+00	1.673764e-02
9.531703e-05	6.795607e+00	1.673764e-02
9.531703e-05	6.795607e+00	1.673764e-02
9.531703e-05	6.795607e+00	1.673764e-02
9.531703e-05	6.795607e+00	1.673764e-02
9.531703e-05	6.795607e+00	1.673764e-02
9.531703e-05	6.795607e+00	1.673764e-02
9.531703e-05	6.795607e+00	1.673764e-02
9.531703e-05	6.795607e+00	1.673764e-02
9.531703e-05	6.795607e+00	1.673764e-02
9.531703e-05	6.795607e+00	1.673764e-02
9.531703e-05	6.795607e+00	1.673764e-02
9.531703e-05	6.795607e+00	1.673764e-02
9.531703e-05	6.795607e+00	1.673764e-02
9.531703e-05	6.795607e+00	1.673764e-02
9.531703e-05	6.795607e+00	1.673764e-02
9.531703e-05	6.795607e+00	1.673764e-02
9.531703e-05	6.795607e+00	1.673764e-02
9.531703e-05	6.795607e+00	1.673764e-02
9.531703e-05	6.795607e+00	1.673764e-02
9.531703e-05	6.795607e+00	1.673764e-02
9.531703e-05	6.795607e+00	1.673764e-02
9.531703e-05	6.795607e+00	1.673764e-02
9.531703e-05	6.795607e+00	1.673764e-02
9.531703e-05	6.795607e+00	1.673764e-02
9.531703e-05	6.795607e+00	1.673764e-02
9.531703e-05	6.795607e+00	1.673764e-02
9.531703e-05	6.795607e+00	1.673764e-02
9.531703e-05	6.795607e+00	1.673764e-02
9.531703e-05	6.795607e+00	1.673764e-02
9.531703e-05	6.795607e+00	1.673764e-02
9.531703e-05	6.795607e+00	1.673764e-02
9.531703e-05	6.795607e+00	1.673764e-02
9.531703e-05	6.795607e+00	1.673764e-02
9.531703e-05	6.795607e+00	1.673764e-02
9.531703e-05	6.795607e+00	1.673764e-02
9.531703e-05	6.795607e+00	1.673764e-02
9.531703e-05	6.795607e+00	1.673764e-02
9.531703e-05	6.795607e+00	1.673764e-02
9.531703e-05	6.795607e+00	1.673764e-02
9.531703e-05	6.795607e+00	1.673764e-02
9.531703e-05	6.795607e+00	1.673764e-02
9.531703e-05	6.795607e+00	1.673764e-02
9.531703e-05	6.795607e+00	1.673764e-02
9.531703e-05	6.795607e+00	1.673764e-02
9.531703e-05	6.795607e+00	1.673764e-02
9.531703e-05	6.795607e+00	1.673764e-02
9.531703e-05	6.795607e+00	1.673764e-02
9.531703e-05	6.795607e+00	1.673764e-02
9.531703e-05	6.795607e+00	1.673764e-02
9.531703e-05	6.795607e+00	1.673764e-02
9.531703e-05	6.795607e+00	1.673764e-02
9.531703e-05	6.795607e+00	1.673764e-02
9.531703e-05	6.795607e+00	1.673764e-02
9.531703e-05	6.795607e+00	1.673764e-02
9.531703e-05	6.795607e+00	1.673764e-02
9.531703e-05	6.795607e+00	1.673764e-02
9.531703e-05	6.795607e+00	1.673764e-02
9.531703e-05	6.795607e+00	1.673764e-02
9.531703e-05	6.795607e+00	1.673764e-02
9.531703e-05	6.795607e+00	1.673764e-02
9.531703e-05	6.795607e+00	1.673764e-02
9.531703e-05	6.795607e+00	1.673764e-02
9.531703e-05	6.795607e+00	1.673764e-02
9.531703e-05	6.795607e+00	1.673764e-02
9.531703e-05	6.795607e+00	1.673764e-02
9.531703e-05	6.795607e+00	1.673764e-02
9.531703e-05	6.795607e+00	1.673764e-02
9.531703e-05	6.795607e+00	1.673764e-02
9.531703e-05	6.795607e+00	1.673764e-02
9.531703e-05	6.795607e+00	1.673764e-02
9.531703e-05	6.795607e+00	1.673764e-02
9.531703e-05	6.795607e+00	1.673764e-02
9.531703e-05	6.795607e+00	1.673764e-02
9.531703e-05	6.795607e+00	1.673764e-02
9.531703e-05	6.795607e+00	1.673764e-02
9.531703e-05	6.795607e+00	1.673764e-02
9.531703e-05	6.795607e+00	1.673764e-02
9.531703e-05	6.795607e+00	1.673764e-02
9.531703e-05	6.795607e+00	1.673764e-02
9.531703e-05	6.795607e+00	1.673764e-02
9.531703e-05	6.795607e+00	1.673764e-02
9.531703e-05	6.795607e+00	1.673764e-02
9.531703e-05	6.795607e+00	1.673764e-02
9.531703e-05	6.795607e+00	1.673764e-02
9.531703e-05	6.795607e+00	1.673764e-02
9.531703e-05	6.795607e+00	1.673764e-02
9.531703e-05	6.795607e+00	1.673764e-02
9.531703e-05	6.795607e+00	1.673764e-02
9.531703e-05	6.795607e+00	1.673764e-02
9.531703e-05	6.795607e+00	1.673764e-02
9.531703e-05	6.795607e+00	1.673764e-02
9.531703e-05	6.795607e+00	1.673764e-02
9.531703e-05	6.795607e+00	1.673764e-02
9.531703e-05	6.795607e+00	1.673764e-02
9.531703e-05	6.795607e+00	1.673764e-02
9.531703e-05	6.795607e+00	1.673764e-02
9.531703e-05	6.795607e+00	1.673764e-02
9.531703e-05	6.795607e+00	1.673764e-02
9.531703e-05	6.795607e+00	1.673764e-02
9.531703e-05	6.795607e+00	1.673764e-02
9.531703e-05	6.795607e+00	1.673764e-02
9.531703e-05	6.795607e+00	1.673764e-02
9.531703e-05	6.795607e+00	1.673764e-02
9.531703e-05	6.795607e+00	1.673764e-02
9.531703e-05	6.795607e+00	1.673764e-02
9.531703e-05	6.795607e+00	1.673764e-02
9.531703e-05	6.795607e+00	1.673764e-02
9.531703e-05	6.795607e+00	1.673764e-02
9.531703e-05	6.795607e+00	1.673764e-02
9.531703e-05	6.795607e+00	1.673764e-02
9.531703e-05	6.795607e+00	1.673764e-02
9.531703e-05	6.795607e+00	1.673764e-02
9.531703e-05	6.795607e+00	1.673764e-02
9.531703e-05	6.795607e+00	1.673764e-02
9.531703e-05	6.795607e+00	1.673764e-02
9.531703e-05	6.795607e+00	1.673764e-02
9.531703e-05	6.795607e+00	1.673764e-02
9.531703e-05	6.795607e+00	1.673764e-02
9.531703e-05	6.795607e+00	1.673764e-02
9.531703e-05	6.795607e+00	1.673764e-02
9.531703e-05	6.795607e+00	1.673764e-02
9.531703e-05	6.795607e+00	1.673764e-02
9.531703e-05	6.795607e+00	1.673764e-02
9.531703e-05	6.795607e+00	1.673764e-02
9.531703e-05	6.795607e+00	1.673764e-02
9.531703e-05	6.795607e+00	1.673764e-02
9.531703e-05	6.795607e+00	1.673764e-02
9.531703e-05	6.795607e+00	1.673764e-02
9.531703e-05	6.795607e+00	1.673764e-02
9.531703e-05	6.795607e+00	1.673764e-02
9.531703e-05	6.795607e+00	1.673764e-02
9.531703e-05	6.795607e+00	1.673764e-02
9.531703e-05	6.795607e+00	1.673764e-02
9.531703e-05	6.795607e+00	1.673764e-02
9.531703e-05	6.795607e+00	1.673764e-02
9.531703e-05	6.795607e+00	1.673764e-02
9.531703e-05	6.795607e+00	1.673764e-02
9.531703e-05	6.795607e+00	1.673764e-02
9.531703e-05	6.795607e+00	1.673764e-02
9.531703e-05	6.795607e+00	1.673764e-02
9.531703e-05	6.795607e+00	1.673764e-02
9.531703e-05	6.795607e+00	1.673764e-02
9.531703e-05	6.795607e+00	1.673764e-02
9.531703e-05	6.795607e+00	1.673764e-02
9.531703e-05	6.795607e+00	1.673764e-02
9.531703e-05	6.795607e+00	1.673764e-02
9.531703e-05	6.795607e+00	1.673764e-02
9.531703e-05	6.795607e+00	1.673764e-02
9.531703e-05	6.795607e+00	1.673764e-02
9.531703e-05	6.795607e+00	1.673764e-02
9.531703e-05	6.795607e+00	1.673764e-02
9.531703e-05	6.795607e+00	1.673764e-02
9.531703e-05	6.795607e+00	1.673764e-02
9.531703e-05	6.795607e+00	1.673764e-02
9.531703e-05	6.795607e+00	1.673764e-02
9.531703e-05	6.795607e+00	1.673764e-02
9.531703e-05	6.795607e+00	1.673764e-02
9.531703e-05	6.795607e+00	1.673764e-02
9.531703e-05	6.795607e+00	1.673764e-02
9.531703e-05	6.795607e+00	1.673764e-02
9.531703e-05	6.795607e+00	1.673764e-02
9.531703e-05	6.795607e+00	1.673764e-02
9.531703e-05	6.795607e+00	1.673764e-02
9.531703e-05	6.795607e+00	1.673764e-02
9.531703e-05	6.795607e+00	1.673764e-02
9.531703e-05	6.795607e+00	1.673764e-02
9.531703e-05	6.795607e+00	1.673764e-02
9.531703e-05	6.795607e+00	1.673764e-02
9.531703e-05	6.795607e+00	1.673764e-02
9.531703e-05	6.795607e+00	1.673764e-02
9.531703e-05	6.795607e+00	1.673764e-02
9.531703e-05	6.795607e+00	1.673764e-02
9.531703e-05	6.795607e+00	1.673764e-02
9.531703e-05	6.795607e+00	1.673764e-02
9.531703e-05	6.795607e+00	1.673764e-02
9.531703e-05	6.795607e+00	1.673764e-02
9.531703e-05	6.795607e+00	1.673764e-02
9.531703e-05	6.795607e+00	1.673764e-02
9.531703e-05	6.795607e+00	1.673764e-02
9.531703e-05	6.795607e+00	1.673764e-02
9.531703e-05	6.795607e+00	1.673764e-02
9.531703e-05	6.795607e+00	1.673764e-02
9.531703e-05	6.795607e+00	1.673764e-02
9.531703e-05	6.795607e+00	1.673764e-02
9.531703e-05	6.795607e+00	1.673764e-02
9.531703e-05	6.795607e+00	1.673764e-02
9.531703e-05	6.795607e+00	1.673764e-02
9.531703e-05	6.795607e+00	1.673764e-02
9.531703e-05	6.795607e+00	1.673764e-02
9.531703e-05	6.795607e+00	1.673764e-02
9.531703e-05	6.795607e+00	1.673764e-02
9.531703e-05	6.795607e+00	1.673764e-02
9.531703e-05	6.795607e+00	1.673764e-02
9.531703e-05	6.795607e+00	1.673764e-02
9.531703e-05	6.795607e+00	1.673764e-02
9.531703e-05	6.795607e+00	1.673764e-02
9.531703e-05	6.795607e+00	1.673764e-02
9.531703e-05	6.795607e+00	1.673764e-02
9.531703e-05	6.795607e+00	1.673764e-02
9.531703e-05	6.795607e+00	1.673764e-02
9.531703e-05	6.795607e+00	1.673764e-02
9.531703e-05	6.795607e+00	1.673764e-02
9.531703e-05	6.795607e+00	1.673764e-02
9.531703e-05	6.795607e+00	1.673764e-02
9.531703e-05	6.795607e+00	1.673764e-02
9.531703e-05	6.795607e+00	1.673764e-02
9.531703e-05	6.795607e+00	1.673764e-02
9.531703e-05	6.795607e+00	1.673764e-02
9.531703e-05	6.795607e+00	1.673764e-02
9.531703e-05	6.795607e+00	1.673764e-02
9.531703e-05	6.795607e+00	1.673764e-02
9.531703e-05	6.795607e+00	1.673764e-02
9.531703e-05	6.795607e+00	1.673764e-02
9.531703e-05	6.795607e+00	1.673764e-02
9.531703e-05	6.795607e+00	1.673764e-02
9.531703e-05	6.795607e+00	1.673764e-02
9.531703e-05	6.795607e+00	1.673764e-02
9.531703e-05	6.795607e+00	1.673764e-02
9.531703e-05	6.795607e+00	1.673764e-02
9.531703e-05	6.795607e+00	1.673764e-02
9.531703e-05	6.795607e+00	1.673764e-02
9.531703e-05	6.795607e+00	1.673764e-02
9.531703e-05	6.795607e+00	1.673764e-02
9.531703e-05	6.795607e+00	1.673764e-02
9.531703e-05	6.795607e+00	1.673764e-02
9.531703e-05	6.795607e+00	1.673764e-02
9.531703e-05	6.795607e+00	1.673764e-02
9.531703e-05	6.795607e+00	1.673764e-02
9.531703e-05	6.795607e+00	1.673764e-02
9.531703e-05	6.795607e+00	1.673764e-02
9.531703e-05	6.795607e+00	1.673764e-02
9.531703e-05	6.795607e+00	1.673764e-02
9.531703e-05	6.795607e+00	1.673764e-02
9.531703e-05	6.795607e+00	1.673764e-02
9.531703e-05	6.795607e+00	1.673764e-02
9.531703e-05	6.795607e+00	1.673764e-02
9.531703e-05	6.795607e+00	1.673764e-02
9.531703e-05	6.795607e+00	1.673764e-02
9.531703e-05	6.795607e+00	1.673764e-02
9.531703e-05	6.795607e+00	1.673764e-02
9.531703e-05	6.795607e+00	1.673764e-02
9.531703e-05	6.795607e+00	1.673764e-02
9.531703e-05	6.795607e+00	1.673764e-02
9.531703e-05	6.795607e+00	1.673764e-02
9.531703e-05	6.795607e+00	1.673764e-02
9.531703e-05	6.795607e+00	1.673764e-02
9.531703e-05	6.795607e+00	1.673764e-02
9.531703e-05	6.795607e+00	1.673764e-02
9.531703e-05	6.795607e+00	1.673764e-02
9.531703e-05	6.795607e+00	1.673764e-02
9.531703e-05	6.795607e+00	1.673764e-02
9.531703e-05	6.795607e+00	1.673764e-02
9.531703e-05	6.795607e+00	1.673764e-02
9.531703e-05	6.795607e+00	1.673764e-02
9.531703e-05	6.795607e+00	1.673764e-02
9.531703e-05	6.795607e+00	1.673764e-02
9.531703e-05	6.795607e+00	1.673764e-02
9.531703e-05	6.795607e+00	1.673764e-02
9.531703e-05	6.795607e+00	1.673764e-02
9.531703e-05	6.795607e+00	1.673764e-02
9.531703e-05	6.795607e+00	1.673764e-02
9.531703e-05	6.795607e+00	1.673764e-02
9.531703e-05	6.795607e+00	1.673764e-02
9.531703e-05	6.795607e+00	1.673764e-02
9.531703e-05	6.795607e+00	1.673764e-02
9.531703e-05	6.795607e+00	1.673764e-02
9.531703e-05	6.795607e+00	1.673764e-02
9.531703e-05	6.795607e+00	1.673764e-02
9.531703e-05	6.795607e+00	1.673764e-02
9.531703e-05	6.795607e+00	1.673764e-02
9.531703e-05	6.795607e+00	1.673764e-02
9.531703e-05	6.795607e+00	1.673764e-02
9.531703e-05	6.795607e+00	1.673764e-02
9.531703e-05	6.795607e+00	1.673764e-02
9.531703e-05	6.795607e+00	1.673764e-02
9.531703e-05	6.795607e+00	1.673764e-02
9.531703e-05	6.795607e+00	1.673764e-02
9.531703e-05	6.795607e+00	1.673764e-02
9.531703e-05	6.795607e+00	1.673764e-02
9.531703e-05	6.795607e+00	1.673764e-02
9.531703e-05	6.795607e+00	1.673764e-02
9.531703e-05	6.795607e+00	1.673764e-02
9.531703e-05	6.795607e+00	1.673764e-02
9.531703e-05	6.795607e+00	1.673764e-02
9.531703e-05	6.795607e+00	1.673764e-02
9.531703e-05	6.795607e+00	1.673764e-02
9.531703e-05	6.795607e+00	1.673764e-02
9.531703e-05	6.795607e+00	1.673764e-02
9.531703e-05	6.795607e+00	1.673764e-02
9.531703e-05	6.795607e+00	1.673764e-02
9.531703e-05	6.795607e+00	1.673764e-02
9.531703e-05	6.795607e+00	1.673764e-02
9.531703e-05	6.795607e+00	1.673764e-02
9.531703e-05	6.795607e+00	1.673764e-02
9.531703e-05	6.795607e+00	1.673764e-02
9.531703e-05	6.795607e+00	1.673764e-02
9.531703e-05	6.795607e+00	1.673764e-02
9.531703e-05	6.795607e+00	1.673764e-02
9.531703e-05	6.795607e+00	1.673764e-02
9.531703e-05	6.795607e+00	1.673764e-02
9.531703e-05	6.795607e+00	1.673764e-02
9.531703e-05	6.795607e+00	1.673764e-02
9.531703e-05	6.795607e+00	1.673764e-02
9.531703e-05	6.795607e+00	1.673764e-02
9.531703e-05	6.795607e+00	1.673764e-02
9.531703e-05	6.795607e+00	1.673764e-02
9.531703e-05	6.795607e+00	1.673764e-02
9.531703e-05	6.795607e+00	1.673764e-02
9.531703e-05	6.795607e+00	1.673764e-02
9.531703e-05	6.795607e+00	1.673764e-02
9.531703e-05	6.795607e+00	1.673764e-02
9.531703e-05	6.795607e+00	1.673764e-02
9.531703e-05	6.795607e+00	1.673764e-02
9.531703e-05	6.795607e+00	1.673764e-02
9.531703e-05	6.795607e+00	1.673764e-02
9.531703e-05	6.795607e+00	1.673764e-02
9.531703e-05	6.795607e+00	1.673764e-02
9.531703e-05	6.795607e+00	1.673764e-02
9.531703e-05	6.795607e+00	1.673764e-02
9.531703e-05	6.795607e+00	1.673764e-02
9.531703e-05	6.795607e+00	1.673764e-02
9.531703e-05	6.795607e+00	1.673764e-02
9.531703e-05	6.795607e+00	1.673764e-02
9.531703e-05	6.795607e+00	1.673764e-02
9.531703e-05	6.795607e+00	1.673764e-02
9.531703e-05	6.795607e+00	1.673764e-02
9.531703e-05	6.795607e+00	1.673764e-02
9.531703e-05	6.795607e+00	1.673764e-02
9.531703e-05	6.795607e+00	1.673764e-02
9.531703e-05	6.795607e+00	1.673764e-02
9.531703e-05	6.795607e+00	1.673764e-02
9.531703e-05	6.795607e+00	1.673764e-02
9.531703e-05	6.795607e+00	1.673764e-02
9.531703e-05	6.795607e+00	1.673764e-02
9.531703e-05	6.795607e+00	1.673764e-02
9.531703e-05	6.795607e+00	1.673764e-02
9.531703e-05	6.795607e+00	1.673764e-02
9.531703e-05	6.795607e+00	1.673764e-02
9.531703e-05	6.795607e+00	1.673764e-02
9.531703e-05	6.795607e+00	1.673764e-02
9.531703e-05	6.795607e+00	1.673764e-02
9.531703e-05	6.795607e+00	1.673764e-02
9.531703e-05	6.795607e+00	1.673764e-02
9.531703e-05	6.795607e+00	1.673764e-02
9.531703e-05	6.795607e+00	1.673764e-02
9.531703e-05	6.795607e+00	1.673764e-02
9.531703e-05	6.795607e+00	1.673764e-02
9.531703e-05	6.795607e+00	1.673764e-02
9.531703e-05	6.795607e+00	1.673764e-02
9.531703e-05	6.795607e+00	1.673764e-02
9.531703e-05	6.795607e+00	1.673764e-02
9.531703e-05	6.795607e+00	1.673764e-02
9.531703e-05	6.795607e+00	1.673764e-02
9.531703e-05	6.795607e+00	1.673764e-02
9.531703e-05	6.795607e+00	1.673764e-02
9.531703e-05	6.795607e+00	1.673764e-02
9.531703e-05	6.795607e+00	1.673764e-02
9.531703e-05	6.795607e+00	1.673764e-02
9.531703e-05	6.795607e+00	1.673764e-02
9.531703e-05	6.795607e+00	1.673764e-02
9.531703e-05	6.795607e+00	1.673764e-02
9.531703e-05	6.795607e+00	1.673764e-02
9.531703e-05	6.795607e+00	1.673764e-02
9.531703e-05	6.795607e+00	1.673764e-02
9.531703e-05	6.795607e+00	1.673764e-02
9.531703e-05	6.795607e+00	1.673764e-02
9.531703e-05	6.795607e+00	1.673764e-02
9.531703e-05	6.795607e+00	1.673764e-02
9.531703e-05	6.795607e+00	1.673764e-02
9.531703e-05	6.795607e+00	1.673764e-02
9.531703e-05	6.795607e+00	1.673764e-02
9.531703e-05	6.795607e+00	1.673764e-02
9.531703e-05	6.795607e+00	1.673764e-02
9.531703e-05	6.795607e+00	1.673764e-02
9.531703e-05	6.795607e+00	1.673764e-02
9.531703e-05	6.795607e+00	1.673764e-02
9.531703e-05	6.795607e+00	1.673764e-02
9.531703e-05	6.795607e+00	1.673764e-02
9.531703e-05	6.795607e+00	1.673764e-02
9.531703e-05	6.795607e+00	1.673764e-02
9.531703e-05	6.795607e+00	1.673764e-02
9.531703e-05	6.795607e+00	1.673764e-02
9.531703e-05	6.795607e+00	1.673764e-02
9.531703e-05	6.795607e+00	1.673764e-02
9.531703e-05	6.795607e+00	1.673764e-02
9.531703e-05	6.795607e+00	1.673764e-02
9.531703e-05	6.795607e+00	1.673764e-02
9.531703e-05	6.795607e+00	1.673764e-02
9.531703e-05	6.795607e+00	1.673764e-02
9.531703e-05	6.795607e+00	1.673764e-02
9.531703e-05	6.795607e+00	1.673764e-02
9.531703e-05	6.795607e+00	1.673764e-02
9.531703e-05	6.795607e+00	1.673764e-02
9.531703e-05	6.795607e+00	1.673764e-02
9.531703e-05	6.795607e+00	1.673764e-02
9.531703e-05	6.795607e+00	1.673764e-02
9.531703e-05	6.795607e+00	1.673764e-02
9.531703e-05	6.795607e+00	1.673764e-02
9.531703e-05	6.795607e+00	1.673764e-02
9.531703e-05	6.795607e+00	1.673764e-02
9.531703e-05	6.795607e+00	1.673764e-02
9.531703e-05	6.795607e+00	1.673764e-02
9.531703e-05	6.795607e+00	1.673764e-02
9.531703e-05	6.795607e+00	1.673764e-02
9.531703e-05	6.795607e+00	1.673764e-02
9.531703e-05	6.795607e+00	1.673764e-02
9.531703e-05	6.795607e+00	1.673764e-02
9.531703e-05	6.795607e+00	1.673764e-02
9.531703e-05	6.795607e+00	1.673764e-02
9.531703e-05	6.795607e+00	1.673764e-02
9.531703e-05	6.795607e+00	1.673764e-02
9.531703e-05	6.795607e+00	1.673764e-02
9.531703e-05	6.795607e+00	1.673764e-02
9.531703e-05	6.795607e+00	1.673764e-02
9.531703e-05	6.795607e+00	1.673764e-02
9.531703e-05	6.795607e+00	1.673764e-02
9.531703e-05	6.795607e+00	1.673764e-02
9.531703e-05	6.795607e+00	1.673764e-02
9.531703e-05	6.795607e+00	1.673764e-02
9.531703e-05	6.795607e+00	1.673764e-02
9.531703e-05	6.795607e+00	1.673764e-02
9.531703e-05	6.795607e+00	1.673764e-02
9.531703e-05	6.795607e+00	1.673764e-02
9.531703e-05	6.795607e+00	1.673764e-02
9.531703e-05	6.795607e+00	1.673764e-02
9.531703e-05	6.795607e+00	1.673764e-02
9.531703e-05	6.795607e+00	1.673764e-02
9.531703e-05	6.795607e+00	1.673764e-02
9.531703e-05	6.795607e+00	1.673764e-02
9.531703e-05	6.795607e+00	1.673764e-02
9.531703e-05	6.795607e+00	1.673764e-02
9.531703e-05	6.795607e+00	1.673764e-02
9.531703e-05	6.795607e+00	1.673764e-02
9.531703e-05	6.795607e+00	1.673764e-02
9.531703e-05	6.795607e+00	1.673764e-02
9.531703e-05	6.795607e+00	1.673764e-02
9.531703e-05	6.795607e+00	1.673764e-02
9.531703e-05	6.795607e+00	1.673764e-02
9.531703e-05	6.795607e+00	1.673764e-02
9.531703e-05	6.795607e+00	1.673764e-02
9.531703e-05	6.795607e+00	1.673764e-02
9.531703e-05	6.795607e+00	1.673764e-02
9.531703e-05	6.795607e+00	1.673764e-02
9.531703e-05	6.795607e+00	1.673764e-02
9.531703e-05	6.795607e+00	1.673764e-02
9.531703e-05	6.795607e+00	1.673764e-02
9.531703e-05	6.795607e+00	1.673764e-02
9.531703e-05	6.795607e+00	1.673764e-02
9.531703e-05	6.795607e+00	1.673764e-02
9.531703e-05	6.795607e+00	1.673764e-02
9.531703e-05	6.795607e+00	1.673764e-02
9.531703e-05	6.795607e+00	1.673764e-02
9.531703e-05	6.795607e+00	1.673764e-02
9.531703e-05	6.795607e+00	1.673764e-02
9.531703e-05	6.795607e+00	1.673764e-02
9.531703e-05	6.795607e+00	1.673764e-02
9.531703e-05	6.795607e+00	1.673764e-02
9.531703e-05	6.795607e+00	1.673764e-02
9.531703e-05	6.795607e+00	1.673764e-02
9.531703e-05	6.795607e+00	1.673764e-02
9.531703e-05	6.795607e+00	1.673764e-02
9.531703e-05	6.795607e+00	1.673764e-02
9.531703e-05	6.795607e+00	1.673764e-02
9.531703e-05	6.795607e+00	1.673764e-02
9.531703e-05	6.795607e+00	1.673764e-02
9.531703e-05	6.795607e+00	1.673764e-02
9.531703e-05	6.795607e+00	1.673764e-02
9.531703e-05	6.795607e+00	1.673764e-02
9.531703e-05	6.795607e+00	1.673764e-02
9.531703e-05	6.795607e+00	1.673764e-02
9.531703e-05	6.795607e+00	1.673764e-02
9.531703e-05	6.795607e+00	1.673764e-02
9.531703e-05	6.795607e+00	1.673764e-02
9.531703e-05	6.795607e+00	1.673764e-02
9.531703e-05	6.795607e+00	1.673764e-02
9.531703e-05	6.795607e+00	1.673764e-02
9.531703e-05	6.795607e+00	1.673764e-02
9.531703e-05	6.795607e+00	1.673764e-02
9.531703e-05	6.795607e+00	1.673764e-02
9.531703e-05	6.795607e+00	1.673764e-02
9.531703e-05	6.795607e+00	1.673764e-02
9.531703e-05	6.795607e+00	1.673764e-02
9.531703e-05	6.795607e+00	1.673764e-02
9.531703e-05	6.795607e+00	1.673764e-02
9.531703e-05	6.795607e+00	1.673764e-02
9.531703e-05	6.795607e+00	1.673764e-02
9.531703e-05	6.795607e+00	1.673764e-02
9.531703e-05	6.795607e+00	1.673764e-02
9.531703e-05	6.795607e+00	1.673764e-02
9.531703e-05	6.795607e+00	1.673764e-02
9.531703e-05	6.795607e+00	1.673764e-02
9.531703e-05	6.795607e+00	1.673764e-02
9.531703e-05	6.795607e+00	1.673764e-02
9.531703e-05	6.795607e+00	1.673764e-02
9.531703e-05	6.795607e+00	1.673764e-02
9.531703e-05	6.795607e+00	1.673764e-02
9.531703e-05	6.795607e+00	1.673764e-02
