0.000000e+00	8.700000e+02	1.000000e+05	1.588602e+03
5.350166e-05	8.700000e+02	1.000000e+05	1.588602e+03
6.968874e-05	8.700000e+02	1.000000e+05	1.588602e+03
7.915111e-05	8.700000e+02	1.000000e+05	1.588602e+03
8.501533e-05	8.700000e+02	1.000000e+05	1.588602e+03
8.872290e-05	8.700000e+02	1.000000e+05	1.588602e+03
9.108680e-05	8.700000e+02	1.000000e+05	1.588602e+03
9.260007e-05	8.700000e+02	1.000000e+05	1.588602e+03
9.357083e-05	8.700000e+02	1.000000e+05	1.588602e+03
9.419430e-05	8.700000e+02	1.000000e+05	1.588602e+03
9.459499e-05	8.700000e+02	1.000000e+05	1.588602e+03
9.485261e-05	8.700000e+02	1.000000e+05	1.588602e+03
9.501828e-05	8.700000e+02	1.000000e+05	1.588602e+03
9.512485e-05	8.700000e+02	1.000000e+05	1.588602e+03
9.519339e-05	8.700000e+02	1.000000e+05	1.588602e+03
9.523749e-05	8.700000e+02	1.000000e+05	1.588602e+03
9.526586e-05	8.700000e+02	1.000000e+05	1.588602e+03
9.528411e-05	8.700000e+02	1.000000e+05	1.588602e+03
9.529585e-05	8.700000e+02	1.000000e+05	1.588602e+03
9.530340e-05	8.700000e+02	1.000000e+05	1.588602e+03
9.530826e-05	8.700000e+02	1.000000e+05	1.588602e+03
9.531139e-05	8.700000e+02	1.000000e+05	1.588602e+03
9.531340e-05	8.700000e+02	1.000000e+05	1.588602e+03
9.531470e-05	8.700000e+02	1.000000e+05	1.588602e+03
9.531553e-05	8.700000e+02	1.000000e+05	1.588602e+03
9.531606e-05	8.700000e+02	1.000000e+05	1.588602e+03
9.531641e-05	8.700000e+02	1.000000e+05	1.588602e+03
9.531663e-05	8.700000e+02	1.000000e+05	1.588602e+03
9.531677e-05	8.700000e+02	1.000000e+05	1.588602e+03
9.531686e-05	8.700000e+02	1.000000e+05	1.588602e+03
9.531692e-05	8.700000e+02	1.000000e+05	1.588602e+03
9.531696e-05	8.700000e+02	1.000000e+05	1.588602e+03
9.531699e-05	8.700000e+02	1.000000e+05	1.588602e+03
9.531700e-05	8.700000e+02	1.000000e+05	1.588602e+03
9.531701e-05	8.700000e+02	1.000000e+05	1.588602e+03
9.531702e-05	8.700000e+02	1.000000e+05	1.588602e+03
9.531702e-05	8.700000e+02	1.000000e+05	1.588602e+03
9.531703e-05	8.700000e+02	1.000000e+05	1.588602e+03
9.531703e-05	8.700000e+02	1.000000e+05	1.588602e+03
9.531703e-05	8.700000e+02	1.000000e+05	1.588602e+03
9.531703e-05	8.700000e+02	1.000000e+05	1.588602e+03
9.531703e-05	8.700000e+02	1.000000e+05	1.588602e+03
9.531703e-05	8.700000e+02	1.000000e+05	1.588602e+03
9.531703e-05	8.700000e+02	1.000000e+05	1.588602e+03
9.531703e-05	8.700000e+02	1.000000e+05	1.588602e+03
9.531703e-05	8.700000e+02	1.000000e+05	1.588602e+03
9.531703e-05	8.700000e+02	1.000000e+05	1.588602e+03
9.531703e-05	8.700000e+02	1.000000e+05	1.588602e+03
9.531703e-05	8.700000e+02	1.000000e+05	1.588602e+03
9.531703e-05	8.700000e+02	1.000000e+05	1.588602e+03
9.531703e-05	8.700000e+02	1.000000e+05	1.588602e+03
9.531703e-05	8.700000e+02	1.000000e+05	1.588602e+03
9.531703e-05	8.700000e+02	1.000000e+05	1.588602e+03
9.531703e-05	8.700000e+02	1.000000e+05	1.588602e+03
9.531703e-05	8.700000e+02	1.000000e+05	1.588602e+03
9.531703e-05	8.700000e+02	1.000000e+05	1.588602e+03
9.531703e-05	8.700000e+02	1.000000e+05	1.588602e+03
9.531703e-05	8.700000e+02	1.000000e+05	1.588602e+03
9.531703e-05	8.700000e+02	1.000000e+05	1.588602e+03
9.531703e-05	8.700000e+02	1.000000e+05	1.588602e+03
9.531703e-05	8.700000e+02	1.000000e+05	1.588602e+03
9.531703e-05	8.700000e+02	1.000000e+05	1.588602e+03
9.531703e-05	8.700000e+02	1.000000e+05	1.588602e+03
9.531703e-05	8.700000e+02	1.000000e+05	1.588602e+03
9.531703e-05	8.700000e+02	1.000000e+05	1.588602e+03
9.531703e-05	8.700000e+02	1.000000e+05	1.588602e+03
9.531703e-05	8.700000e+02	1.000000e+05	1.588602e+03
9.531703e-05	8.700000e+02	1.000000e+05	1.588602e+03
9.531703e-05	8.700000e+02	1.000000e+05	1.588602e+03
9.531703e-05	8.700000e+02	1.000000e+05	1.588602e+03
9.531703e-05	8.700000e+02	1.000000e+05	1.588602e+03
9.531703e-05	8.700000e+02	1.000000e+05	1.588602e+03
9.531703e-05	8.700000e+02	1.000000e+05	1.588602e+03
9.531703e-05	8.700000e+02	1.000000e+05	1.588602e+03
9.531703e-05	8.700000e+02	1.000000e+05	1.588602e+03
9.531703e-05	8.700000e+02	1.000000e+05	1.588602e+03
9.531703e-05	8.700000e+02	1.000000e+05	1.588602e+03
9.531703e-05	8.700000e+02	1.000000e+05	1.588602e+03
9.531703e-05	8.700000e+02	1.000000e+05	1.588602e+03
9.531703e-05	8.700000e+02	1.000000e+05	1.588602e+03
9.531703e-05	8.700000e+02	1.000000e+05	1.588602e+03
9.531703e-05	8.700000e+02	1.000000e+05	1.588602e+03
9.531703e-05	8.700000e+02	1.000000e+05	1.588602e+03
9.531703e-05	8.700000e+02	1.000000e+05	1.588602e+03
9.531703e-05	8.700000e+02	1.000000e+05	1.588602e+03
9.531703e-05	8.700000e+02	1.000000e+05	1.588602e+03
9.531703e-05	8.700000e+02	1.000000e+05	1.588602e+03
9.531703e-05	8.700000e+02	1.000000e+05	1.588602e+03
9.531703e-05	8.700000e+02	1.000000e+05	1.588602e+03
9.531703e-05	8.700000e+02	1.000000e+05	1.588602e+03
9.531703e-05	8.700000e+02	1.000000e+05	1.588602e+03
9.531703e-05	8.700000e+02	1.000000e+05	1.588602e+03
9.531703e-05	8.700000e+02	1.000000e+05	1.588602e+03
9.531703e-05	8.700000e+02	1.000000e+05	1.588602e+03
9.531703e-05	8.700000e+02	1.000000e+05	1.588602e+03
9.531703e-05	8.700000e+02	1.000000e+05	1.588602e+03
9.531703e-05	8.700000e+02	1.000000e+05	1.588602e+03
9.531703e-05	8.700000e+02	1.000000e+05	1.588602e+03
9.531703e-05	8.700000e+02	1.000000e+05	1.588602e+03
9.531703e-05	8.700000e+02	1.000000e+05	1.588602e+03
9.531703e-05	8.700000e+02	1.000000e+05	1.588602e+03
9.531703e-05	8.700000e+02	1.000000e+05	1.588602e+03
9.531703e-05	8.700000e+02	1.000000e+05	1.588602e+03
9.531703e-05	8.700000e+02	1.000000e+05	1.588602e+03
9.531703e-05	8.700000e+02	1.000000e+05	1.588602e+03
9.531703e-05	8.700000e+02	1.000000e+05	1.588602e+03
9.531703e-05	8.700000e+02	1.000000e+05	1.588602e+03
9.531703e-05	8.700000e+02	1.000000e+05	1.588602e+03
9.531703e-05	8.700000e+02	1.000000e+05	1.588602e+03
9.531703e-05	8.700000e+02	1.000000e+05	1.588602e+03
9.531703e-05	8.700000e+02	1.000000e+05	1.588602e+03
9.531703e-05	8.700000e+02	1.000000e+05	1.588602e+03
9.531703e-05	8.700000e+02	1.000000e+05	1.588602e+03
9.531703e-05	8.700000e+02	1.000000e+05	1.588602e+03
9.531703e-05	8.700000e+02	1.000000e+05	1.588602e+03
9.531703e-05	8.700000e+02	1.000000e+05	1.588602e+03
9.531703e-05	8.700000e+02	1.000000e+05	1.588602e+03
9.531703e-05	8.700000e+02	1.000000e+05	1.588602e+03
9.531703e-05	8.700000e+02	1.000000e+05	1.588602e+03
9.531703e-05	8.700000e+02	1.000000e+05	1.588602e+03
9.531703e-05	8.700000e+02	1.000000e+05	1.588602e+03
9.531703e-05	8.700000e+02	1.000000e+05	1.588602e+03
9.531703e-05	8.700000e+02	1.000000e+05	1.588602e+03
9.531703e-05	8.700000e+02	1.000000e+05	1.588602e+03
9.531703e-05	8.700000e+02	1.000000e+05	1.588602e+03
9.531703e-05	8.700000e+02	1.000000e+05	1.588602e+03
9.531703e-05	8.700000e+02	1.000000e+05	1.588602e+03
9.531703e-05	8.700000e+02	1.000000e+05	1.588602e+03
9.531703e-05	8.700000e+02	1.000000e+05	1.588602e+03
9.531703e-05	8.700000e+02	1.000000e+05	1.588602e+03
9.531703e-05	8.700000e+02	1.000000e+05	1.588602e+03
9.531703e-05	8.700000e+02	1.000000e+05	1.588602e+03
9.531703e-05	8.700000e+02	1.000000e+05	1.588602e+03
9.531703e-05	8.700000e+02	1.000000e+05	1.588602e+03
9.531703e-05	8.700000e+02	1.000000e+05	1.588602e+03
9.531703e-05	8.700000e+02	1.000000e+05	1.588602e+03
9.531703e-05	8.700000e+02	1.000000e+05	1.588602e+03
9.531703e-05	8.700000e+02	1.000000e+05	1.588602e+03
9.531703e-05	8.700000e+02	1.000000e+05	1.588602e+03
9.531703e-05	8.700000e+02	1.000000e+05	1.588602e+03
9.531703e-05	8.700000e+02	1.000000e+05	1.588602e+03
9.531703e-05	8.700000e+02	1.000000e+05	1.588602e+03
9.531703e-05	8.700000e+02	1.000000e+05	1.588602e+03
9.531703e-05	8.700000e+02	1.000000e+05	1.588602e+03
9.531703e-05	8.700000e+02	1.000000e+05	1.588602e+03
9.531703e-05	8.700000e+02	1.000000e+05	1.588602e+03
9.531703e-05	8.700000e+02	1.000000e+05	1.588602e+03
9.531703e-05	8.700000e+02	1.000000e+05	1.588602e+03
9.531703e-05	8.700000e+02	1.000000e+05	1.588602e+03
9.531703e-05	8.700000e+02	1.000000e+05	1.588602e+03
9.531703e-05	8.700000e+02	1.000000e+05	1.588602e+03
9.531703e-05	8.700000e+02	1.000000e+05	1.588602e+03
9.531703e-05	8.700000e+02	1.000000e+05	1.588602e+03
9.531703e-05	8.700000e+02	1.000000e+05	1.588602e+03
9.531703e-05	8.700000e+02	1.000000e+05	1.588602e+03
9.531703e-05	8.700000e+02	1.000000e+05	1.588602e+03
9.531703e-05	8.700000e+02	1.000000e+05	1.588602e+03
9.531703e-05	8.700000e+02	1.000000e+05	1.588602e+03
9.531703e-05	8.700000e+02	1.000000e+05	1.588602e+03
9.531703e-05	8.700000e+02	1.000000e+05	1.588602e+03
9.531703e-05	8.700000e+02	1.000000e+05	1.588602e+03
9.531703e-05	8.700000e+02	1.000000e+05	1.588602e+03
9.531703e-05	8.700000e+02	1.000000e+05	1.588602e+03
9.531703e-05	8.700000e+02	1.000000e+05	1.588602e+03
9.531703e-05	8.700000e+02	1.000000e+05	1.588602e+03
9.531703e-05	8.700000e+02	1.000000e+05	1.588602e+03
9.531703e-05	8.700000e+02	1.000000e+05	1.588602e+03
9.531703e-05	8.700000e+02	1.000000e+05	1.588602e+03
9.531703e-05	8.700000e+02	1.000000e+05	1.588602e+03
9.531703e-05	8.700000e+02	1.000000e+05	1.588602e+03
9.531703e-05	8.700000e+02	1.000000e+05	1.588602e+03
9.531703e-05	8.700000e+02	1.000000e+05	1.588602e+03
9.531703e-05	8.700000e+02	1.000000e+05	1.588602e+03
9.531703e-05	8.700000e+02	1.000000e+05	1.588602e+03
9.531703e-05	8.700000e+02	1.000000e+05	1.588602e+03
9.531703e-05	8.700000e+02	1.000000e+05	1.588602e+03
9.531703e-05	8.700000e+02	1.000000e+05	1.588602e+03
9.531703e-05	8.700000e+02	1.000000e+05	1.588602e+03
9.531703e-05	8.700000e+02	1.000000e+05	1.588602e+03
9.531703e-05	8.700000e+02	1.000000e+05	1.588602e+03
9.531703e-05	8.700000e+02	1.000000e+05	1.588602e+03
9.531703e-05	8.700000e+02	1.000000e+05	1.588602e+03
9.531703e-05	8.700000e+02	1.000000e+05	1.588602e+03
9.531703e-05	8.700000e+02	1.000000e+05	1.588602e+03
9.531703e-05	8.700000e+02	1.000000e+05	1.588602e+03
9.531703e-05	8.700000e+02	1.000000e+05	1.588602e+03
9.531703e-05	8.700000e+02	1.000000e+05	1.588602e+03
9.531703e-05	8.700000e+02	1.000000e+05	1.588602e+03
9.531703e-05	8.700000e+02	1.000000e+05	1.588602e+03
9.531703e-05	8.700000e+02	1.000000e+05	1.588602e+03
9.531703e-05	8.700000e+02	1.000000e+05	1.588602e+03
9.531703e-05	8.700000e+02	1.000000e+05	1.588602e+03
9.531703e-05	8.700000e+02	1.000000e+05	1.588602e+03
9.531703e-05	8.700000e+02	1.000000e+05	1.588602e+03
9.531703e-05	8.700000e+02	1.000000e+05	1.588602e+03
9.531703e-05	8.700000e+02	1.000000e+05	1.588602e+03
9.531703e-05	8.700000e+02	1.000000e+05	1.588602e+03
9.531703e-05	8.700000e+02	1.000000e+05	1.588602e+03
9.531703e-05	8.700000e+02	1.000000e+05	1.588602e+03
9.531703e-05	8.700000e+02	1.000000e+05	1.588602e+03
9.531703e-05	8.700000e+02	1.000000e+05	1.588602e+03
9.531703e-05	8.700000e+02	1.000000e+05	1.588602e+03
9.531703e-05	8.700000e+02	1.000000e+05	1.588602e+03
9.531703e-05	8.700000e+02	1.000000e+05	1.588602e+03
9.531703e-05	8.700000e+02	1.000000e+05	1.588602e+03
9.531703e-05	8.700000e+02	1.000000e+05	1.588602e+03
9.531703e-05	8.700000e+02	1.000000e+05	1.588602e+03
9.531703e-05	8.700000e+02	1.000000e+05	1.588602e+03
9.531703e-05	8.700000e+02	1.000000e+05	1.588602e+03
9.531703e-05	8.700000e+02	1.000000e+05	1.588602e+03
9.531703e-05	8.700000e+02	1.000000e+05	1.588602e+03
9.531703e-05	8.700000e+02	1.000000e+05	1.588602e+03
9.531703e-05	8.700000e+02	1.000000e+05	1.588602e+03
9.531703e-05	8.700000e+02	1.000000e+05	1.588602e+03
9.531703e-05	8.700000e+02	1.000000e+05	1.588602e+03
9.531703e-05	8.700000e+02	1.000000e+05	1.588602e+03
9.531703e-05	8.700000e+02	1.000000e+05	1.588602e+03
9.531703e-05	8.700000e+02	1.000000e+05	1.588602e+03
9.531703e-05	8.700000e+02	1.000000e+05	1.588602e+03
9.531703e-05	8.700000e+02	1.000000e+05	1.588602e+03
9.531703e-05	8.700000e+02	1.000000e+05	1.588602e+03
9.531703e-05	8.700000e+02	1.000000e+05	1.588602e+03
9.531703e-05	8.700000e+02	1.000000e+05	1.588602e+03
9.531703e-05	8.700000e+02	1.000000e+05	1.588602e+03
9.531703e-05	8.700000e+02	1.000000e+05	1.588602e+03
9.531703e-05	8.700000e+02	1.000000e+05	1.588602e+03
9.531703e-05	8.700000e+02	1.000000e+05	1.588602e+03
9.531703e-05	8.700000e+02	1.000000e+05	1.588602e+03
9.531703e-05	8.700000e+02	1.000000e+05	1.588602e+03
9.531703e-05	8.700000e+02	1.000000e+05	1.588602e+03
9.531703e-05	8.700000e+02	1.000000e+05	1.588602e+03
9.531703e-05	8.700000e+02	1.000000e+05	1.588602e+03
9.531703e-05	8.700000e+02	1.000000e+05	1.588602e+03
9.531703e-05	8.700000e+02	1.000000e+05	1.588602e+03
9.531703e-05	8.700000e+02	1.000000e+05	1.588602e+03
9.531703e-05	8.700000e+02	1.000000e+05	1.588602e+03
9.531703e-05	8.700000e+02	1.000000e+05	1.588602e+03
9.531703e-05	8.700000e+02	1.000000e+05	1.588602e+03
9.531703e-05	8.700000e+02	1.000000e+05	1.588602e+03
9.531703e-05	8.700000e+02	1.000000e+05	1.588602e+03
9.531703e-05	8.700000e+02	1.000000e+05	1.588602e+03
9.531703e-05	8.700000e+02	1.000000e+05	1.588602e+03
9.531703e-05	8.700000e+02	1.000000e+05	1.588602e+03
9.531703e-05	8.700000e+02	1.000000e+05	1.588602e+03
9.531703e-05	8.700000e+02	1.000000e+05	1.588602e+03
9.531703e-05	8.700000e+02	1.000000e+05	1.588602e+03
9.531703e-05	8.700000e+02	1.000000e+05	1.588602e+03
9.531703e-05	8.700000e+02	1.000000e+05	1.588602e+03
9.531703e-05	8.700000e+02	1.000000e+05	1.588602e+03
9.531703e-05	8.700000e+02	1.000000e+05	1.588602e+03
9.531703e-05	8.700000e+02	1.000000e+05	1.588602e+03
9.531703e-05	8.700000e+02	1.000000e+05	1.588602e+03
9.531703e-05	8.700000e+02	1.000000e+05	1.588602e+03
9.531703e-05	8.700000e+02	1.000000e+05	1.588602e+03
9.531703e-05	8.700000e+02	1.000000e+05	1.588602e+03
9.531703e-05	8.700000e+02	1.000000e+05	1.588602e+03
9.531703e-05	8.700000e+02	1.000000e+05	1.588602e+03
9.531703e-05	8.700000e+02	1.000000e+05	1.588602e+03
9.531703e-05	8.700000e+02	1.000000e+05	1.588602e+03
9.531703e-05	8.700000e+02	1.000000e+05	1.588602e+03
9.531703e-05	8.700000e+02	1.000000e+05	1.588602e+03
9.531703e-05	8.700000e+02	1.000000e+05	1.588602e+03
9.531703e-05	8.700000e+02	1.000000e+05	1.588602e+03
9.531703e-05	8.700000e+02	1.000000e+05	1.588602e+03
9.531703e-05	8.700000e+02	1.000000e+05	1.588602e+03
9.531703e-05	8.700000e+02	1.000000e+05	1.588602e+03
9.531703e-05	8.700000e+02	1.000000e+05	1.588602e+03
9.531703e-05	8.700000e+02	1.000000e+05	1.588602e+03
9.531703e-05	8.700000e+02	1.000000e+05	1.588602e+03
9.531703e-05	8.700000e+02	1.000000e+05	1.588602e+03
9.531703e-05	8.700000e+02	1.000000e+05	1.588602e+03
9.531703e-05	8.700000e+02	1.000000e+05	1.588602e+03
9.531703e-05	8.700000e+02	1.000000e+05	1.588602e+03
9.531703e-05	8.700000e+02	1.000000e+05	1.588602e+03
9.531703e-05	8.700000e+02	1.000000e+05	1.588602e+03
9.531703e-05	8.700000e+02	1.000000e+05	1.588602e+03
9.531703e-05	8.700000e+02	1.000000e+05	1.588602e+03
9.531703e-05	8.700000e+02	1.000000e+05	1.588602e+03
9.531703e-05	8.700000e+02	1.000000e+05	1.588602e+03
9.531703e-05	8.700000e+02	1.000000e+05	1.588602e+03
9.531703e-05	8.700000e+02	1.000000e+05	1.588602e+03
9.531703e-05	8.700000e+02	1.000000e+05	1.588602e+03
9.531703e-05	8.700000e+02	1.000000e+05	1.588602e+03
9.531703e-05	8.700000e+02	1.000000e+05	1.588602e+03
9.531703e-05	8.700000e+02	1.000000e+05	1.588602e+03
9.531703e-05	8.700000e+02	1.000000e+05	1.588602e+03
9.531703e-05	8.700000e+02	1.000000e+05	1.588602e+03
9.531703e-05	8.700000e+02	1.000000e+05	1.588602e+03
9.531703e-05	8.700000e+02	1.000000e+05	1.588602e+03
9.531703e-05	8.700000e+02	1.000000e+05	1.588602e+03
9.531703e-05	8.700000e+02	1.000000e+05	1.588602e+03
9.531703e-05	8.700000e+02	1.000000e+05	1.588602e+03
9.531703e-05	8.700000e+02	1.000000e+05	1.588602e+03
9.531703e-05	8.700000e+02	1.000000e+05	1.588602e+03
9.531703e-05	8.700000e+02	1.000000e+05	1.588602e+03
9.531703e-05	8.700000e+02	1.000000e+05	1.588602e+03
9.531703e-05	8.700000e+02	1.000000e+05	1.588602e+03
9.531703e-05	8.700000e+02	1.000000e+05	1.588602e+03
9.531703e-05	8.700000e+02	1.000000e+05	1.588602e+03
9.531703e-05	8.700000e+02	1.000000e+05	1.588602e+03
9.531703e-05	8.700000e+02	1.000000e+05	1.588602e+03
9.531703e-05	8.700000e+02	1.000000e+05	1.588602e+03
9.531703e-05	8.700000e+02	1.000000e+05	1.588602e+03
9.531703e-05	8.700000e+02	1.000000e+05	1.588602e+03
9.531703e-05	8.700000e+02	1.000000e+05	1.588602e+03
9.531703e-05	8.700000e+02	1.000000e+05	1.588602e+03
9.531703e-05	8.700000e+02	1.000000e+05	1.588602e+03
9.531703e-05	8.700000e+02	1.000000e+05	1.588602e+03
9.531703e-05	8.700000e+02	1.000000e+05	1.588602e+03
9.531703e-05	8.700000e+02	1.000000e+05	1.588602e+03
9.531703e-05	8.700000e+02	1.000000e+05	1.588602e+03
9.531703e-05	8.700000e+02	1.000000e+05	1.588602e+03
9.531703e-05	8.700000e+02	1.000000e+05	1.588602e+03
9.531703e-05	8.700000e+02	1.000000e+05	1.588602e+03
9.531703e-05	8.700000e+02	1.000000e+05	1.588602e+03
9.531703e-05	8.700000e+02	1.000000e+05	1.588602e+03
9.531703e-05	8.700000e+02	1.000000e+05	1.588602e+03
9.531703e-05	8.700000e+02	1.000000e+05	1.588602e+03
9.531703e-05	8.700000e+02	1.000000e+05	1.588602e+03
9.531703e-05	8.700000e+02	1.000000e+05	1.588602e+03
9.531703e-05	8.700000e+02	1.000000e+05	1.588602e+03
9.531703e-05	8.700000e+02	1.000000e+05	1.588602e+03
9.531703e-05	8.700000e+02	1.000000e+05	1.588602e+03
9.531703e-05	8.700000e+02	1.000000e+05	1.588602e+03
9.531703e-05	8.700000e+02	1.000000e+05	1.588602e+03
9.531703e-05	8.700000e+02	1.000000e+05	1.588602e+03
9.531703e-05	8.700000e+02	1.000000e+05	1.588602e+03
9.531703e-05	8.700000e+02	1.000000e+05	1.588602e+03
9.531703e-05	8.700000e+02	1.000000e+05	1.588602e+03
9.531703e-05	8.700000e+02	1.000000e+05	1.588602e+03
9.531703e-05	8.700000e+02	1.000000e+05	1.588602e+03
9.531703e-05	8.700000e+02	1.000000e+05	1.588602e+03
9.531703e-05	8.700000e+02	1.000000e+05	1.588602e+03
9.531703e-05	8.700000e+02	1.000000e+05	1.588602e+03
9.531703e-05	8.700000e+02	1.000000e+05	1.588602e+03
9.531703e-05	8.700000e+02	1.000000e+05	1.588602e+03
9.531703e-05	8.700000e+02	1.000000e+05	1.588602e+03
9.531703e-05	8.700000e+02	1.000000e+05	1.588602e+03
9.531703e-05	8.700000e+02	1.000000e+05	1.588602e+03
9.531703e-05	8.700000e+02	1.000000e+05	1.588602e+03
9.531703e-05	8.700000e+02	1.000000e+05	1.588602e+03
9.531703e-05	8.700000e+02	1.000000e+05	1.588602e+03
9.531703e-05	8.700000e+02	1.000000e+05	1.588602e+03
9.531703e-05	8.700000e+02	1.000000e+05	1.588602e+03
9.531703e-05	8.700000e+02	1.000000e+05	1.588602e+03
9.531703e-05	8.700000e+02	1.000000e+05	1.588602e+03
9.531703e-05	8.700000e+02	1.000000e+05	1.588602e+03
9.531703e-05	8.700000e+02	1.000000e+05	1.588602e+03
9.531703e-05	8.700000e+02	1.000000e+05	1.588602e+03
9.531703e-05	8.700000e+02	1.000000e+05	1.588602e+03
9.531703e-05	8.700000e+02	1.000000e+05	1.588602e+03
9.531703e-05	8.700000e+02	1.000000e+05	1.588602e+03
9.531703e-05	8.700000e+02	1.000000e+05	1.588602e+03
9.531703e-05	8.700000e+02	1.000000e+05	1.588602e+03
9.531703e-05	8.700000e+02	1.000000e+05	1.588602e+03
9.531703e-05	8.700000e+02	1.000000e+05	1.588602e+03
9.531703e-05	8.700000e+02	1.000000e+05	1.588602e+03
9.531703e-05	8.700000e+02	1.000000e+05	1.588602e+03
9.531703e-05	8.700000e+02	1.000000e+05	1.588602e+03
9.531703e-05	8.700000e+02	1.000000e+05	1.588602e+03
9.531703e-05	8.700000e+02	1.000000e+05	1.588602e+03
9.531703e-05	8.700000e+02	1.000000e+05	1.588602e+03
9.531703e-05	8.700000e+02	1.000000e+05	1.588602e+03
9.531703e-05	8.700000e+02	1.000000e+05	1.588602e+03
9.531703e-05	8.700000e+02	1.000000e+05	1.588602e+03
9.531703e-05	8.700000e+02	1.000000e+05	1.588602e+03
9.531703e-05	8.700000e+02	1.000000e+05	1.588602e+03
9.531703e-05	8.700000e+02	1.000000e+05	1.588602e+03
9.531703e-05	8.700000e+02	1.000000e+05	1.588602e+03
9.531703e-05	8.700000e+02	1.000000e+05	1.588602e+03
9.531703e-05	8.700000e+02	1.000000e+05	1.588602e+03
9.531703e-05	8.700000e+02	1.000000e+05	1.588602e+03
9.531703e-05	8.700000e+02	1.000000e+05	1.588602e+03
9.531703e-05	8.700000e+02	1.000000e+05	1.588602e+03
9.531703e-05	8.700000e+02	1.000000e+05	1.588602e+03
9.531703e-05	8.700000e+02	1.000000e+05	1.588602e+03
9.531703e-05	8.700000e+02	1.000000e+05	1.588602e+03
9.531703e-05	8.700000e+02	1.000000e+05	1.588602e+03
9.531703e-05	8.700000e+02	1.000000e+05	1.588602e+03
9.531703e-05	8.700000e+02	1.000000e+05	1.588602e+03
9.531703e-05	8.700000e+02	1.000000e+05	1.588602e+03
9.531703e-05	8.700000e+02	1.000000e+05	1.588602e+03
9.531703e-05	8.700000e+02	1.000000e+05	1.588602e+03
9.531703e-05	8.700000e+02	1.000000e+05	1.588602e+03
9.531703e-05	8.700000e+02	1.000000e+05	1.588602e+03
9.531703e-05	8.700000e+02	1.000000e+05	1.588602e+03
9.531703e-05	8.700000e+02	1.000000e+05	1.588602e+03
9.531703e-05	8.700000e+02	1.000000e+05	1.588602e+03
9.531703e-05	8.700000e+02	1.000000e+05	1.588602e+03
9.531703e-05	8.700000e+02	1.000000e+05	1.588602e+03
9.531703e-05	8.700000e+02	1.000000e+05	1.588602e+03
9.531703e-05	8.700000e+02	1.000000e+05	1.588602e+03
9.531703e-05	8.700000e+02	1.000000e+05	1.588602e+03
9.531703e-05	8.700000e+02	1.000000e+05	1.588602e+03
9.531703e-05	8.700000e+02	1.000000e+05	1.588602e+03
9.531703e-05	8.700000e+02	1.000000e+05	1.588602e+03
9.531703e-05	8.700000e+02	1.000000e+05	1.588602e+03
9.531703e-05	8.700000e+02	1.000000e+05	1.588602e+03
9.531703e-05	8.700000e+02	1.000000e+05	1.588602e+03
9.531703e-05	8.700000e+02	1.000000e+05	1.588602e+03
9.531703e-05	8.700000e+02	1.000000e+05	1.588602e+03
9.531703e-05	8.700000e+02	1.000000e+05	1.588602e+03
9.531703e-05	8.700000e+02	1.000000e+05	1.588602e+03
9.531703e-05	8.700000e+02	1.000000e+05	1.588602e+03
9.531703e-05	8.700000e+02	1.000000e+05	1.588602e+03
9.531703e-05	8.700000e+02	1.000000e+05	1.588602e+03
9.531703e-05	8.700000e+02	1.000000e+05	1.588602e+03
9.531703e-05	8.700000e+02	1.000000e+05	1.588602e+03
9.531703e-05	8.700000e+02	1.000000e+05	1.588602e+03
9.531703e-05	8.700000e+02	1.000000e+05	1.588602e+03
9.531703e-05	8.700000e+02	1.000000e+05	1.588602e+03
9.531703e-05	8.700000e+02	1.000000e+05	1.588602e+03
9.531703e-05	8.700000e+02	1.000000e+05	1.588602e+03
9.531703e-05	8.700000e+02	1.000000e+05	1.588602e+03
9.531703e-05	8.700000e+02	1.000000e+05	1.588602e+03
9.531703e-05	8.700000e+02	1.000000e+05	1.588602e+03
9.531703e-05	8.700000e+02	1.000000e+05	1.588602e+03
9.531703e-05	8.700000e+02	1.000000e+05	1.588602e+03
9.531703e-05	8.700000e+02	1.000000e+05	1.588602e+03
9.531703e-05	8.700000e+02	1.000000e+05	1.588602e+03
9.531703e-05	8.700000e+02	1.000000e+05	1.588602e+03
9.531703e-05	8.700000e+02	1.000000e+05	1.588602e+03
9.531703e-05	8.700000e+02	1.000000e+05	1.588602e+03
9.531703e-05	8.700000e+02	1.000000e+05	1.588602e+03
9.531703e-05	8.700000e+02	1.000000e+05	1.588602e+03
9.531703e-05	8.700000e+02	1.000000e+05	1.588602e+03
9.531703e-05	8.700000e+02	1.000000e+05	1.588602e+03
9.531703e-05	8.700000e+02	1.000000e+05	1.588602e+03
9.531703e-05	8.700000e+02	1.000000e+05	1.588602e+03
9.531703e-05	8.700000e+02	1.000000e+05	1.588602e+03
9.531703e-05	8.700000e+02	1.000000e+05	1.588602e+03
9.531703e-05	8.700000e+02	1.000000e+05	1.588602e+03
9.531703e-05	8.700000e+02	1.000000e+05	1.588602e+03
9.531703e-05	8.700000e+02	1.000000e+05	1.588602e+03
9.531703e-05	8.700000e+02	1.000000e+05	1.588602e+03
9.531703e-05	8.700000e+02	1.000000e+05	1.588602e+03
9.531703e-05	8.700000e+02	1.000000e+05	1.588602e+03
9.531703e-05	8.700000e+02	1.000000e+05	1.588602e+03
9.531703e-05	8.700000e+02	1.000000e+05	1.588602e+03
9.531703e-05	8.700000e+02	1.000000e+05	1.588602e+03
9.531703e-05	8.700000e+02	1.000000e+05	1.588602e+03
9.531703e-05	8.700000e+02	1.000000e+05	1.588602e+03
9.531703e-05	8.700000e+02	1.000000e+05	1.588602e+03
9.531703e-05	8.700000e+02	1.000000e+05	1.588602e+03
9.531703e-05	8.700000e+02	1.000000e+05	1.588602e+03
9.531703e-05	8.700000e+02	1.000000e+05	1.588602e+03
9.531703e-05	8.700000e+02	1.000000e+05	1.588602e+03
9.531703e-05	8.700000e+02	1.000000e+05	1.588602e+03
9.531703e-05	8.700000e+02	1.000000e+05	1.588602e+03
9.531703e-05	8.700000e+02	1.000000e+05	1.588602e+03
9.531703e-05	8.700000e+02	1.000000e+05	1.588602e+03
9.531703e-05	8.700000e+02	1.000000e+05	1.588602e+03
9.531703e-05	8.700000e+02	1.000000e+05	1.588602e+03
9.531703e-05	8.700000e+02	1.000000e+05	1.588602e+03
9.531703e-05	8.700000e+02	1.000000e+05	1.588602e+03
9.531703e-05	8.700000e+02	1.000000e+05	1.588602e+03
9.531703e-05	8.700000e+02	1.000000e+05	1.588602e+03
9.531703e-05	8.700000e+02	1.000000e+05	1.588602e+03
9.531703e-05	8.700000e+02	1.000000e+05	1.588602e+03
9.531703e-05	8.700000e+02	1.000000e+05	1.588602e+03
9.531703e-05	8.700000e+02	1.000000e+05	1.588602e+03
9.531703e-05	8.700000e+02	1.000000e+05	1.588602e+03
9.531703e-05	8.700000e+02	1.000000e+05	1.588602e+03
9.531703e-05	8.700000e+02	1.000000e+05	1.588602e+03
9.531703e-05	8.700000e+02	1.000000e+05	1.588602e+03
9.531703e-05	8.700000e+02	1.000000e+05	1.588602e+03
9.531703e-05	8.700000e+02	1.000000e+05	1.588602e+03
9.531703e-05	8.700000e+02	1.000000e+05	1.588602e+03
9.531703e-05	8.700000e+02	1.000000e+05	1.588602e+03
9.531703e-05	8.700000e+02	1.000000e+05	1.588602e+03
9.531703e-05	8.700000e+02	1.000000e+05	1.588602e+03
9.531703e-05	8.700000e+02	1.000000e+05	1.588602e+03
9.531703e-05	8.700000e+02	1.000000e+05	1.588602e+03
9.531703e-05	8.700000e+02	1.000000e+05	1.588602e+03
9.531703e-05	8.700000e+02	1.000000e+05	1.588602e+03
9.531703e-05	8.700000e+02	1.000000e+05	1.588602e+03
9.531703e-05	8.700000e+02	1.000000e+05	1.588602e+03
9.531703e-05	8.700000e+02	1.000000e+05	1.588602e+03
9.531703e-05	8.700000e+02	1.000000e+05	1.588602e+03
9.531703e-05	8.700000e+02	1.000000e+05	1.588602e+03
9.531703e-05	8.700000e+02	1.000000e+05	1.588602e+03
9.531703e-05	8.700000e+02	1.000000e+05	1.588602e+03
9.531703e-05	8.700000e+02	1.000000e+05	1.588602e+03
9.531703e-05	8.700000e+02	1.000000e+05	1.588602e+03
9.531703e-05	8.700000e+02	1.000000e+05	1.588602e+03
9.531703e-05	8.700000e+02	1.000000e+05	1.588602e+03
9.531703e-05	8.700000e+02	1.000000e+05	1.588602e+03
9.531703e-05	8.700000e+02	1.000000e+05	1.588602e+03
9.531703e-05	8.700000e+02	1.000000e+05	1.588602e+03
9.531703e-05	8.700000e+02	1.000000e+05	1.588602e+03
9.531703e-05	8.700000e+02	1.000000e+05	1.588602e+03
9.531703e-05	8.700000e+02	1.000000e+05	1.588602e+03
9.531703e-05	8.700000e+02	1.000000e+05	1.588602e+03
9.531703e-05	8.700000e+02	1.000000e+05	1.588602e+03
9.531703e-05	8.700000e+02	1.000000e+05	1.588602e+03
9.531703e-05	8.700000e+02	1.000000e+05	1.588602e+03
9.531703e-05	8.700000e+02	1.000000e+05	1.588602e+03
9.531703e-05	8.700000e+02	1.000000e+05	1.588602e+03
9.531703e-05	8.700000e+02	1.000000e+05	1.588602e+03
9.531703e-05	8.700000e+02	1.000000e+05	1.588602e+03
9.531703e-05	8.700000e+02	1.000000e+05	1.588602e+03
9.531703e-05	8.700000e+02	1.000000e+05	1.588602e+03
9.531703e-05	8.700000e+02	1.000000e+05	1.588602e+03
9.531703e-05	8.700000e+02	1.000000e+05	1.588602e+03
9.531703e-05	8.700000e+02	1.000000e+05	1.588602e+03
9.531703e-05	8.700000e+02	1.000000e+05	1.588602e+03
9.531703e-05	8.700000e+02	1.000000e+05	1.588602e+03
9.531703e-05	8.700000e+02	1.000000e+05	1.588602e+03
9.531703e-05	8.700000e+02	1.000000e+05	1.588602e+03
9.531703e-05	8.700000e+02	1.000000e+05	1.588602e+03
9.531703e-05	8.700000e+02	1.000000e+05	1.588602e+03
9.531703e-05	8.700000e+02	1.000000e+05	1.588602e+03
9.531703e-05	8.700000e+02	1.000000e+05	1.588602e+03
9.531703e-05	8.700000e+02	1.000000e+05	1.588602e+03
9.531703e-05	8.700000e+02	1.000000e+05	1.588602e+03
9.531703e-05	8.700000e+02	1.000000e+05	1.588602e+03
9.531703e-05	8.700000e+02	1.000000e+05	1.588602e+03
9.531703e-05	8.700000e+02	1.000000e+05	1.588602e+03
9.531703e-05	8.700000e+02	1.000000e+05	1.588602e+03
9.531703e-05	8.700000e+02	1.000000e+05	1.588602e+03
9.531703e-05	8.700000e+02	1.000000e+05	1.588602e+03
9.531703e-05	8.700000e+02	1.000000e+05	1.588602e+03
9.531703e-05	8.700000e+02	1.000000e+05	1.588602e+03
9.531703e-05	8.700000e+02	1.000000e+05	1.588602e+03
9.531703e-05	8.700000e+02	1.000000e+05	1.588602e+03
9.531703e-05	8.700000e+02	1.000000e+05	1.588602e+03
9.531703e-05	8.700000e+02	1.000000e+05	1.588602e+03
9.531703e-05	8.700000e+02	1.000000e+05	1.588602e+03
9.531703e-05	8.700000e+02	1.000000e+05	1.588602e+03
9.531703e-05	8.700000e+02	1.000000e+05	1.588602e+03
9.531703e-05	8.700000e+02	1.000000e+05	1.588602e+03
9.531703e-05	8.700000e+02	1.000000e+05	1.588602e+03
9.531703e-05	8.700000e+02	1.000000e+05	1.588602e+03
9.531703e-05	8.700000e+02	1.000000e+05	1.588602e+03
9.531703e-05	8.700000e+02	1.000000e+05	1.588602e+03
9.531703e-05	8.700000e+02	1.000000e+05	1.588602e+03
9.531703e-05	8.700000e+02	1.000000e+05	1.588602e+03
9.531703e-05	8.700000e+02	1.000000e+05	1.588602e+03
9.531703e-05	8.700000e+02	1.000000e+05	1.588602e+03
9.531703e-05	8.700000e+02	1.000000e+05	1.588602e+03
9.531703e-05	8.700000e+02	1.000000e+05	1.588602e+03
9.531703e-05	8.700000e+02	1.000000e+05	1.588602e+03
9.531703e-05	8.700000e+02	1.000000e+05	1.588602e+03
9.531703e-05	8.700000e+02	1.000000e+05	1.588602e+03
9.531703e-05	8.700000e+02	1.000000e+05	1.588602e+03
9.531703e-05	8.700000e+02	1.000000e+05	1.588602e+03
9.531703e-05	8.700000e+02	1.000000e+05	1.588602e+03
9.531703e-05	8.700000e+02	1.000000e+05	1.588602e+03
9.531703e-05	8.700000e+02	1.000000e+05	1.588602e+03
9.531703e-05	8.700000e+02	1.000000e+05	1.588602e+03
9.531703e-05	8.700000e+02	1.000000e+05	1.588602e+03
9.531703e-05	8.700000e+02	1.000000e+05	1.588602e+03
9.531703e-05	8.700000e+02	1.000000e+05	1.588602e+03
9.531703e-05	8.700000e+02	1.000000e+05	1.588602e+03
9.531703e-05	8.700000e+02	1.000000e+05	1.588602e+03
9.531703e-05	8.700000e+02	1.000000e+05	1.588602e+03
9.531703e-05	8.700000e+02	1.000000e+05	1.588602e+03
9.531703e-05	8.700000e+02	1.000000e+05	1.588602e+03
9.531703e-05	8.700000e+02	1.000000e+05	1.588602e+03
9.531703e-05	8.700000e+02	1.000000e+05	1.588602e+03
9.531703e-05	8.700000e+02	1.000000e+05	1.588602e+03
9.531703e-05	8.700000e+02	1.000000e+05	1.588602e+03
9.531703e-05	8.700000e+02	1.000000e+05	1.588602e+03
9.531703e-05	8.700000e+02	1.000000e+05	1.588602e+03
9.531703e-05	8.700000e+02	1.000000e+05	1.588602e+03
9.531703e-05	8.700000e+02	1.000000e+05	1.588602e+03
9.531703e-05	8.700000e+02	1.000000e+05	1.588602e+03
9.531703e-05	8.700000e+02	1.000000e+05	1.588602e+03
9.531703e-05	8.700000e+02	1.000000e+05	1.588602e+03
9.531703e-05	8.700000e+02	1.000000e+05	1.588602e+03
9.531703e-05	8.700000e+02	1.000000e+05	1.588602e+03
9.531703e-05	8.700000e+02	1.000000e+05	1.588602e+03
9.531703e-05	8.700000e+02	1.000000e+05	1.588602e+03
9.531703e-05	8.700000e+02	1.000000e+05	1.588602e+03
9.531703e-05	8.700000e+02	1.000000e+05	1.588602e+03
9.531703e-05	8.700000e+02	1.000000e+05	1.588602e+03
9.531703e-05	8.700000e+02	1.000000e+05	1.588602e+03
9.531703e-05	8.700000e+02	1.000000e+05	1.588602e+03
9.531703e-05	8.700000e+02	1.000000e+05	1.588602e+03
9.531703e-05	8.700000e+02	1.000000e+05	1.588602e+03
9.531703e-05	8.700000e+02	1.000000e+05	1.588602e+03
9.531703e-05	8.700000e+02	1.000000e+05	1.588602e+03
9.531703e-05	8.700000e+02	1.000000e+05	1.588602e+03
9.531703e-05	8.700000e+02	1.000000e+05	1.588602e+03
9.531703e-05	8.700000e+02	1.000000e+05	1.588602e+03
9.531703e-05	8.700000e+02	1.000000e+05	1.588602e+03
9.531703e-05	8.700000e+02	1.000000e+05	1.588602e+03
9.531703e-05	8.700000e+02	1.000000e+05	1.588602e+03
9.531703e-05	8.700000e+02	1.000000e+05	1.588602e+03
9.531703e-05	8.700000e+02	1.000000e+05	1.588602e+03
9.531703e-05	8.700000e+02	1.000000e+05	1.588602e+03
9.531703e-05	8.700000e+02	1.000000e+05	1.588602e+03
9.531703e-05	8.700000e+02	1.000000e+05	1.588602e+03
9.531703e-05	8.700000e+02	1.000000e+05	1.588602e+03
9.531703e-05	8.700000e+02	1.000000e+05	1.588602e+03
9.531703e-05	8.700000e+02	1.000000e+05	1.588602e+03
9.531703e-05	8.700000e+02	1.000000e+05	1.588602e+03
9.531703e-05	8.700000e+02	1.000000e+05	1.588602e+03
9.531703e-05	8.700000e+02	1.000000e+05	1.588602e+03
9.531703e-05	8.700000e+02	1.000000e+05	1.588602e+03
9.531703e-05	8.700000e+02	1.000000e+05	1.588602e+03
9.531703e-05	8.700000e+02	1.000000e+05	1.588602e+03
9.531703e-05	8.700000e+02	1.000000e+05	1.588602e+03
9.531703e-05	8.700000e+02	1.000000e+05	1.588602e+03
9.531703e-05	8.700000e+02	1.000000e+05	1.588602e+03
9.531703e-05	8.700000e+02	1.000000e+05	1.588602e+03
9.531703e-05	8.700000e+02	1.000000e+05	1.588602e+03
9.531703e-05	8.700000e+02	1.000000e+05	1.588602e+03
9.531703e-05	8.700000e+02	1.000000e+05	1.588602e+03
9.531703e-05	8.700000e+02	1.000000e+05	1.588602e+03
9.531703e-05	8.700000e+02	1.000000e+05	1.588602e+03
9.531703e-05	8.700000e+02	1.000000e+05	1.588602e+03
9.531703e-05	8.700000e+02	1.000000e+05	1.588602e+03
9.531703e-05	8.700000e+02	1.000000e+05	1.588602e+03
9.531703e-05	8.700000e+02	1.000000e+05	1.588602e+03
9.531703e-05	8.700000e+02	1.000000e+05	1.588602e+03
9.531703e-05	8.700000e+02	1.000000e+05	1.588602e+03
9.531703e-05	8.700000e+02	1.000000e+05	1.588602e+03
9.531703e-05	8.700000e+02	1.000000e+05	1.588602e+03
9.531703e-05	8.700000e+02	1.000000e+05	1.588602e+03
9.531703e-05	8.700000e+02	1.000000e+05	1.588602e+03
9.531703e-05	8.700000e+02	1.000000e+05	1.588602e+03
9.531703e-05	8.700000e+02	1.000000e+05	1.588602e+03
9.531703e-05	8.700000e+02	1.000000e+05	1.588602e+03
9.531703e-05	8.700000e+02	1.000000e+05	1.588602e+03
9.531703e-05	8.700000e+02	1.000000e+05	1.588602e+03
9.531703e-05	8.700000e+02	1.000000e+05	1.588602e+03
9.531703e-05	8.700000e+02	1.000000e+05	1.588602e+03
9.531703e-05	8.700000e+02	1.000000e+05	1.588602e+03
9.531703e-05	8.700000e+02	1.000000e+05	1.588602e+03
9.531703e-05	8.700000e+02	1.000000e+05	1.588602e+03
9.531703e-05	8.700000e+02	1.000000e+05	1.588602e+03
9.531703e-05	8.700000e+02	1.000000e+05	1.588602e+03
9.531703e-05	8.700000e+02	1.000000e+05	1.588602e+03
9.531703e-05	8.700000e+02	1.000000e+05	1.588602e+03
9.531703e-05	8.700000e+02	1.000000e+05	1.588602e+03
9.531703e-05	8.700000e+02	1.000000e+05	1.588602e+03
9.531703e-05	8.700000e+02	1.000000e+05	1.588602e+03
9.531703e-05	8.700000e+02	1.000000e+05	1.588602e+03
9.531703e-05	8.700000e+02	1.000000e+05	1.588602e+03
9.531703e-05	8.700000e+02	1.000000e+05	1.588602e+03
9.531703e-05	8.700000e+02	1.000000e+05	1.588602e+03
9.531703e-05	8.700000e+02	1.000000e+05	1.588602e+03
9.531703e-05	8.700000e+02	1.000000e+05	1.588602e+03
9.531703e-05	8.700000e+02	1.000000e+05	1.588602e+03
9.531703e-05	8.700000e+02	1.000000e+05	1.588602e+03
9.531703e-05	8.700000e+02	1.000000e+05	1.588602e+03
9.531703e-05	8.700000e+02	1.000000e+05	1.588602e+03
9.531703e-05	8.700000e+02	1.000000e+05	1.588602e+03
9.531703e-05	8.700000e+02	1.000000e+05	1.588602e+03
9.531703e-05	8.700000e+02	1.000000e+05	1.588602e+03
9.531703e-05	8.700000e+02	1.000000e+05	1.588602e+03
9.531703e-05	8.700000e+02	1.000000e+05	1.588602e+03
9.531703e-05	8.700000e+02	1.000000e+05	1.588602e+03
9.531703e-05	8.700000e+02	1.000000e+05	1.588602e+03
9.531703e-05	8.700000e+02	1.000000e+05	1.588602e+03
9.531703e-05	8.700000e+02	1.000000e+05	1.588602e+03
9.531703e-05	8.700000e+02	1.000000e+05	1.588602e+03
9.531703e-05	8.700000e+02	1.000000e+05	1.588602e+03
9.531703e-05	8.700000e+02	1.000000e+05	1.588602e+03
9.531703e-05	8.700000e+02	1.000000e+05	1.588602e+03
9.531703e-05	8.700000e+02	1.000000e+05	1.588602e+03
9.531703e-05	8.700000e+02	1.000000e+05	1.588602e+03
9.531703e-05	8.700000e+02	1.000000e+05	1.588602e+03
9.531703e-05	8.700000e+02	1.000000e+05	1.588602e+03
9.531703e-05	8.700000e+02	1.000000e+05	1.588602e+03
9.531703e-05	8.700000e+02	1.000000e+05	1.588602e+03
9.531703e-05	8.700000e+02	1.000000e+05	1.588602e+03
9.531703e-05	8.700000e+02	1.000000e+05	1.588602e+03
9.531703e-05	8.700000e+02	1.000000e+05	1.588602e+03
9.531703e-05	8.700000e+02	1.000000e+05	1.588602e+03
9.531703e-05	8.700000e+02	1.000000e+05	1.588602e+03
9.531703e-05	8.700000e+02	1.000000e+05	1.588602e+03
9.531703e-05	8.700000e+02	1.000000e+05	1.588602e+03
9.531703e-05	8.700000e+02	1.000000e+05	1.588602e+03
9.531703e-05	8.700000e+02	1.000000e+05	1.588602e+03
9.531703e-05	8.700000e+02	1.000000e+05	1.588602e+03
9.531703e-05	8.700000e+02	1.000000e+05	1.588602e+03
9.531703e-05	8.700000e+02	1.000000e+05	1.588602e+03
9.531703e-05	8.700000e+02	1.000000e+05	1.588602e+03
9.531703e-05	8.700000e+02	1.000000e+05	1.588602e+03
9.531703e-05	8.700000e+02	1.000000e+05	1.588602e+03
9.531703e-05	8.700000e+02	1.000000e+05	1.588602e+03
9.531703e-05	8.700000e+02	1.000000e+05	1.588602e+03
9.531703e-05	8.700000e+02	1.000000e+05	1.588602e+03
9.531703e-05	8.700000e+02	1.000000e+05	1.588602e+03
9.531703e-05	8.700000e+02	1.000000e+05	1.588602e+03
9.531703e-05	8.700000e+02	1.000000e+05	1.588602e+03
9.531703e-05	8.700000e+02	1.000000e+05	1.588602e+03
9.531703e-05	8.700000e+02	1.000000e+05	1.588602e+03
9.531703e-05	8.700000e+02	1.000000e+05	1.588602e+03
9.531703e-05	8.700000e+02	1.000000e+05	1.588602e+03
9.531703e-05	8.700000e+02	1.000000e+05	1.588602e+03
9.531703e-05	8.700000e+02	1.000000e+05	1.588602e+03
9.531703e-05	8.700000e+02	1.000000e+05	1.588602e+03
9.531703e-05	8.700000e+02	1.000000e+05	1.588602e+03
9.531703e-05	8.700000e+02	1.000000e+05	1.588602e+03
9.531703e-05	8.700000e+02	1.000000e+05	1.588602e+03
9.531703e-05	8.700000e+02	1.000000e+05	1.588602e+03
9.531703e-05	8.700000e+02	1.000000e+05	1.588602e+03
9.531703e-05	8.700000e+02	1.000000e+05	1.588602e+03
9.531703e-05	8.700000e+02	1.000000e+05	1.588602e+03
9.531703e-05	8.700000e+02	1.000000e+05	1.588602e+03
9.531703e-05	8.700000e+02	1.000000e+05	1.588602e+03
9.531703e-05	8.700000e+02	1.000000e+05	1.588602e+03
9.531703e-05	8.700000e+02	1.000000e+05	1.588602e+03
9.531703e-05	8.700000e+02	1.000000e+05	1.588602e+03
9.531703e-05	8.700000e+02	1.000000e+05	1.588602e+03
9.531703e-05	8.700000e+02	1.000000e+05	1.588602e+03
9.531703e-05	8.700000e+02	1.000000e+05	1.588602e+03
9.531703e-05	8.700000e+02	1.000000e+05	1.588602e+03
9.531703e-05	8.700000e+02	1.000000e+05	1.588602e+03
9.531703e-05	8.700000e+02	1.000000e+05	1.588602e+03
9.531703e-05	8.700000e+02	1.000000e+05	1.588602e+03
9.531703e-05	8.700000e+02	1.000000e+05	1.588602e+03
9.531703e-05	8.700000e+02	1.000000e+05	1.588602e+03
9.531703e-05	8.700000e+02	1.000000e+05	1.588602e+03
9.531703e-05	8.700000e+02	1.000000e+05	1.588602e+03
9.531703e-05	8.700000e+02	1.000000e+05	1.588602e+03
9.531703e-05	8.700000e+02	1.000000e+05	1.588602e+03
9.531703e-05	8.700000e+02	1.000000e+05	1.588602e+03
9.531703e-05	8.700000e+02	1.000000e+05	1.588602e+03
9.531703e-05	8.700000e+02	1.000000e+05	1.588602e+03
9.531703e-05	8.700000e+02	1.000000e+05	1.588602e+03
9.531703e-05	8.700000e+02	1.000000e+05	1.588602e+03
9.531703e-05	8.700000e+02	1.000000e+05	1.588602e+03
9.531703e-05	8.700000e+02	1.000000e+05	1.588602e+03
9.531703e-05	8.700000e+02	1.000000e+05	1.588602e+03
9.531703e-05	8.700000e+02	1.000000e+05	1.588602e+03
9.531703e-05	8.700000e+02	1.000000e+05	1.588602e+03
9.531703e-05	8.700000e+02	1.000000e+05	1.588602e+03
9.531703e-05	8.700000e+02	1.000000e+05	1.588602e+03
9.531703e-05	8.700000e+02	1.000000e+05	1.588602e+03
9.531703e-05	8.700000e+02	1.000000e+05	1.588602e+03
9.531703e-05	8.700000e+02	1.000000e+05	1.588602e+03
9.531703e-05	8.700000e+02	1.000000e+05	1.588602e+03
9.531703e-05	8.700000e+02	1.000000e+05	1.588602e+03
9.531703e-05	8.700000e+02	1.000000e+05	1.588602e+03
9.531703e-05	8.700000e+02	1.000000e+05	1.588602e+03
9.531703e-05	8.700000e+02	1.000000e+05	1.588602e+03
9.531703e-05	8.700000e+02	1.000000e+05	1.588602e+03
9.531703e-05	8.700000e+02	1.000000e+05	1.588602e+03
9.531703e-05	8.700000e+02	1.000000e+05	1.588602e+03
9.531703e-05	8.700000e+02	1.000000e+05	1.588602e+03
9.531703e-05	8.700000e+02	1.000000e+05	1.588602e+03
9.531703e-05	8.700000e+02	1.000000e+05	1.588602e+03
9.531703e-05	8.700000e+02	1.000000e+05	1.588602e+03
9.531703e-05	8.700000e+02	1.000000e+05	1.588602e+03
9.531703e-05	8.700000e+02	1.000000e+05	1.588602e+03
9.531703e-05	8.700000e+02	1.000000e+05	1.588602e+03
9.531703e-05	8.700000e+02	1.000000e+05	1.588602e+03
9.531703e-05	8.700000e+02	1.000000e+05	1.588602e+03
9.531703e-05	8.700000e+02	1.000000e+05	1.588602e+03
9.531703e-05	8.700000e+02	1.000000e+05	1.588602e+03
9.531703e-05	8.700000e+02	1.000000e+05	1.588602e+03
9.531703e-05	8.700000e+02	1.000000e+05	1.588602e+03
9.531703e-05	8.700000e+02	1.000000e+05	1.588602e+03
9.531703e-05	8.700000e+02	1.000000e+05	1.588602e+03
9.531703e-05	8.700000e+02	1.000000e+05	1.588602e+03
9.531703e-05	8.700000e+02	1.000000e+05	1.588602e+03
9.531703e-05	8.700000e+02	1.000000e+05	1.588602e+03
9.531703e-05	8.700000e+02	1.000000e+05	1.588602e+03
9.531703e-05	8.700000e+02	1.000000e+05	1.588602e+03
9.531703e-05	8.700000e+02	1.000000e+05	1.588602e+03
9.531703e-05	8.700000e+02	1.000000e+05	1.588602e+03
9.531703e-05	8.700000e+02	1.000000e+05	1.588602e+03
9.531703e-05	8.700000e+02	1.000000e+05	1.588602e+03
9.531703e-05	8.700000e+02	1.000000e+05	1.588602e+03
9.531703e-05	8.700000e+02	1.000000e+05	1.588602e+03
9.531703e-05	8.700000e+02	1.000000e+05	1.588602e+03
9.531703e-05	8.700000e+02	1.000000e+05	1.588602e+03
9.531703e-05	8.700000e+02	1.000000e+05	1.588602e+03
9.531703e-05	8.700000e+02	1.000000e+05	1.588602e+03
9.531703e-05	8.700000e+02	1.000000e+05	1.588602e+03
9.531703e-05	8.700000e+02	1.000000e+05	1.588602e+03
9.531703e-05	8.700000e+02	1.000000e+05	1.588602e+03
9.531703e-05	8.700000e+02	1.000000e+05	1.588602e+03
9.531703e-05	8.700000e+02	1.000000e+05	1.588602e+03
9.531703e-05	8.700000e+02	1.000000e+05	1.588602e+03
9.531703e-05	8.700000e+02	1.000000e+05	1.588602e+03
9.531703e-05	8.700000e+02	1.000000e+05	1.588602e+03
9.531703e-05	8.700000e+02	1.000000e+05	1.588602e+03
9.531703e-05	8.700000e+02	1.000000e+05	1.588602e+03
9.531703e-05	8.700000e+02	1.000000e+05	1.588602e+03
9.531703e-05	8.700000e+02	1.000000e+05	1.588602e+03
9.531703e-05	8.700000e+02	1.000000e+05	1.588602e+03
9.531703e-05	8.700000e+02	1.000000e+05	1.588602e+03
9.531703e-05	8.700000e+02	1.000000e+05	1.588602e+03
9.531703e-05	8.700000e+02	1.000000e+05	1.588602e+03
9.531703e-05	8.700000e+02	1.000000e+05	1.588602e+03
9.531703e-05	8.700000e+02	1.000000e+05	1.588602e+03
9.531703e-05	8.700000e+02	1.000000e+05	1.588602e+03
9.531703e-05	8.700000e+02	1.000000e+05	1.588602e+03
9.531703e-05	8.700000e+02	1.000000e+05	1.588602e+03
9.531703e-05	8.700000e+02	1.000000e+05	1.588602e+03
9.531703e-05	8.700000e+02	1.000000e+05	1.588602e+03
9.531703e-05	8.700000e+02	1.000000e+05	1.588602e+03
9.531703e-05	8.700000e+02	1.000000e+05	1.588602e+03
9.531703e-05	8.700000e+02	1.000000e+05	1.588602e+03
9.531703e-05	8.700000e+02	1.000000e+05	1.588602e+03
9.531703e-05	8.700000e+02	1.000000e+05	1.588602e+03
9.531703e-05	8.700000e+02	1.000000e+05	1.588602e+03
9.531703e-05	8.700000e+02	1.000000e+05	1.588602e+03
9.531703e-05	8.700000e+02	1.000000e+05	1.588602e+03
9.531703e-05	8.700000e+02	1.000000e+05	1.588602e+03
9.531703e-05	8.700000e+02	1.000000e+05	1.588602e+03
9.531703e-05	8.700000e+02	1.000000e+05	1.588602e+03
9.531703e-05	8.700000e+02	1.000000e+05	1.588602e+03
9.531703e-05	8.700000e+02	1.000000e+05	1.588602e+03
9.531703e-05	8.700000e+02	1.000000e+05	1.588602e+03
9.531703e-05	8.700000e+02	1.000000e+05	1.588602e+03
9.531703e-05	8.700000e+02	1.000000e+05	1.588602e+03
9.531703e-05	8.700000e+02	1.000000e+05	1.588602e+03
9.531703e-05	8.700000e+02	1.000000e+05	1.588602e+03
9.531703e-05	8.700000e+02	1.000000e+05	1.588602e+03
9.531703e-05	8.700000e+02	1.000000e+05	1.588602e+03
9.531703e-05	8.700000e+02	1.000000e+05	1.588602e+03
9.531703e-05	8.700000e+02	1.000000e+05	1.588602e+03
9.531703e-05	8.700000e+02	1.000000e+05	1.588602e+03
9.531703e-05	8.700000e+02	1.000000e+05	1.588602e+03
9.531703e-05	8.700000e+02	1.000000e+05	1.588602e+03
9.531703e-05	8.700000e+02	1.000000e+05	1.588602e+03
9.531703e-05	8.700000e+02	1.000000e+05	1.588602e+03
9.531703e-05	8.700000e+02	1.000000e+05	1.588602e+03
9.531703e-05	8.700000e+02	1.000000e+05	1.588602e+03
9.531703e-05	8.700000e+02	1.000000e+05	1.588602e+03
9.531703e-05	8.700000e+02	1.000000e+05	1.588602e+03
9.531703e-05	8.700000e+02	1.000000e+05	1.588602e+03
9.531703e-05	8.700000e+02	1.000000e+05	1.588602e+03
9.531703e-05	8.700000e+02	1.000000e+05	1.588602e+03
9.531703e-05	8.700000e+02	1.000000e+05	1.588602e+03
9.531703e-05	8.700000e+02	1.000000e+05	1.588602e+03
9.531703e-05	8.700000e+02	1.000000e+05	1.588602e+03
9.531703e-05	8.700000e+02	1.000000e+05	1.588602e+03
9.531703e-05	8.700000e+02	1.000000e+05	1.588602e+03
9.531703e-05	8.700000e+02	1.000000e+05	1.588602e+03
9.531703e-05	8.700000e+02	1.000000e+05	1.588602e+03
9.531703e-05	8.700000e+02	1.000000e+05	1.588602e+03
9.531703e-05	8.700000e+02	1.000000e+05	1.588602e+03
9.531703e-05	8.700000e+02	1.000000e+05	1.588602e+03
9.531703e-05	8.700000e+02	1.000000e+05	1.588602e+03
9.531703e-05	8.700000e+02	1.000000e+05	1.588602e+03
9.531703e-05	8.700000e+02	1.000000e+05	1.588602e+03
9.531703e-05	8.700000e+02	1.000000e+05	1.588602e+03
9.531703e-05	8.700000e+02	1.000000e+05	1.588602e+03
9.531703e-05	8.700000e+02	1.000000e+05	1.588602e+03
9.531703e-05	8.700000e+02	1.000000e+05	1.588602e+03
9.531703e-05	8.700000e+02	1.000000e+05	1.588602e+03
9.531703e-05	8.700000e+02	1.000000e+05	1.588602e+03
9.531703e-05	8.700000e+02	1.000000e+05	1.588602e+03
9.531703e-05	8.700000e+02	1.000000e+05	1.588602e+03
9.531703e-05	8.700000e+02	1.000000e+05	1.588602e+03
9.531703e-05	8.700000e+02	1.000000e+05	1.588602e+03
9.531703e-05	8.700000e+02	1.000000e+05	1.588602e+03
9.531703e-05	8.700000e+02	1.000000e+05	1.588602e+03
9.531703e-05	8.700000e+02	1.000000e+05	1.588602e+03
9.531703e-05	8.700000e+02	1.000000e+05	1.588602e+03
9.531703e-05	8.700000e+02	1.000000e+05	1.588602e+03
9.531703e-05	8.700000e+02	1.000000e+05	1.588602e+03
9.531703e-05	8.700000e+02	1.000000e+05	1.588602e+03
9.531703e-05	8.700000e+02	1.000000e+05	1.588602e+03
9.531703e-05	8.700000e+02	1.000000e+05	1.588602e+03
9.531703e-05	8.700000e+02	1.000000e+05	1.588602e+03
9.531703e-05	8.700000e+02	1.000000e+05	1.588602e+03
9.531703e-05	8.700000e+02	1.000000e+05	1.588602e+03
9.531703e-05	8.700000e+02	1.000000e+05	1.588602e+03
9.531703e-05	8.700000e+02	1.000000e+05	1.588602e+03
9.531703e-05	8.700000e+02	1.000000e+05	1.588602e+03
9.531703e-05	8.700000e+02	1.000000e+05	1.588602e+03
9.531703e-05	8.700000e+02	1.000000e+05	1.588602e+03
9.531703e-05	8.700000e+02	1.000000e+05	1.588602e+03
9.531703e-05	8.700000e+02	1.000000e+05	1.588602e+03
9.531703e-05	8.700000e+02	1.000000e+05	1.588602e+03
9.531703e-05	8.700000e+02	1.000000e+05	1.588602e+03
9.531703e-05	8.700000e+02	1.000000e+05	1.588602e+03
9.531703e-05	8.700000e+02	1.000000e+05	1.588602e+03
9.531703e-05	8.700000e+02	1.000000e+05	1.588602e+03
9.531703e-05	8.700000e+02	1.000000e+05	1.588602e+03
9.531703e-05	8.700000e+02	1.000000e+05	1.588602e+03
9.531703e-05	8.700000e+02	1.000000e+05	1.588602e+03
9.531703e-05	8.700000e+02	1.000000e+05	1.588602e+03
9.531703e-05	8.700000e+02	1.000000e+05	1.588602e+03
9.531703e-05	8.700000e+02	1.000000e+05	1.588602e+03
9.531703e-05	8.700000e+02	1.000000e+05	1.588602e+03
9.531703e-05	8.700000e+02	1.000000e+05	1.588602e+03
9.531703e-05	8.700000e+02	1.000000e+05	1.588602e+03
9.531703e-05	8.700000e+02	1.000000e+05	1.588602e+03
9.531703e-05	8.700000e+02	1.000000e+05	1.588602e+03
9.531703e-05	8.700000e+02	1.000000e+05	1.588602e+03
9.531703e-05	8.700000e+02	1.000000e+05	1.588602e+03
9.531703e-05	8.700000e+02	1.000000e+05	1.588602e+03
9.531703e-05	8.700000e+02	1.000000e+05	1.588602e+03
9.531703e-05	8.700000e+02	1.000000e+05	1.588602e+03
9.531703e-05	8.700000e+02	1.000000e+05	1.588602e+03
9.531703e-05	8.700000e+02	1.000000e+05	1.588602e+03
9.531703e-05	8.700000e+02	1.000000e+05	1.588602e+03
9.531703e-05	8.700000e+02	1.000000e+05	1.588602e+03
9.531703e-05	8.700000e+02	1.000000e+05	1.588602e+03
9.531703e-05	8.700000e+02	1.000000e+05	1.588602e+03
9.531703e-05	8.700000e+02	1.000000e+05	1.588602e+03
9.531703e-05	8.700000e+02	1.000000e+05	1.588602e+03
9.531703e-05	8.700000e+02	1.000000e+05	1.588602e+03
9.531703e-05	8.700000e+02	1.000000e+05	1.588602e+03
9.531703e-05	8.700000e+02	1.000000e+05	1.588602e+03
9.531703e-05	8.700000e+02	1.000000e+05	1.588602e+03
9.531703e-05	8.700000e+02	1.000000e+05	1.588602e+03
9.531703e-05	8.700000e+02	1.000000e+05	1.588602e+03
9.531703e-05	8.700000e+02	1.000000e+05	1.588602e+03
9.531703e-05	8.700000e+02	1.000000e+05	1.588602e+03
9.531703e-05	8.700000e+02	1.000000e+05	1.588602e+03
9.531703e-05	8.700000e+02	1.000000e+05	1.588602e+03
9.531703e-05	8.700000e+02	1.000000e+05	1.588602e+03
9.531703e-05	8.700000e+02	1.000000e+05	1.588602e+03
9.531703e-05	8.700000e+02	1.000000e+05	1.588602e+03
9.531703e-05	8.700000e+02	1.000000e+05	1.588602e+03
9.531703e-05	8.700000e+02	1.000000e+05	1.588602e+03
9.531703e-05	8.700000e+02	1.000000e+05	1.588602e+03
9.531703e-05	8.700000e+02	1.000000e+05	1.588602e+03
9.531703e-05	8.700000e+02	1.000000e+05	1.588602e+03
9.531703e-05	8.700000e+02	1.000000e+05	1.588602e+03
9.531703e-05	8.700000e+02	1.000000e+05	1.588602e+03
9.531703e-05	8.700000e+02	1.000000e+05	1.588602e+03
9.531703e-05	8.700000e+02	1.000000e+05	1.588602e+03
9.531703e-05	8.700000e+02	1.000000e+05	1.588602e+03
9.531703e-05	8.700000e+02	1.000000e+05	1.588602e+03
9.531703e-05	8.700000e+02	1.000000e+05	1.588602e+03
9.531703e-05	8.700000e+02	1.000000e+05	1.588602e+03
9.531703e-05	8.700000e+02	1.000000e+05	1.588602e+03
9.531703e-05	8.700000e+02	1.000000e+05	1.588602e+03
9.531703e-05	8.700000e+02	1.000000e+05	1.588602e+03
9.531703e-05	8.700000e+02	1.000000e+05	1.588602e+03
9.531703e-05	8.700000e+02	1.000000e+05	1.588602e+03
9.531703e-05	8.700000e+02	1.000000e+05	1.588602e+03
9.531703e-05	8.700000e+02	1.000000e+05	1.588602e+03
9.531703e-05	8.700000e+02	1.000000e+05	1.588602e+03
9.531703e-05	8.700000e+02	1.000000e+05	1.588602e+03
9.531703e-05	8.700000e+02	1.000000e+05	1.588602e+03
9.531703e-05	8.700000e+02	1.000000e+05	1.588602e+03
9.531703e-05	8.700000e+02	1.000000e+05	1.588602e+03
9.531703e-05	8.700000e+02	1.000000e+05	1.588602e+03
9.531703e-05	8.700000e+02	1.000000e+05	1.588602e+03
9.531703e-05	8.700000e+02	1.000000e+05	1.588602e+03
9.531703e-05	8.700000e+02	1.000000e+05	1.588602e+03
9.531703e-05	8.700000e+02	1.000000e+05	1.588602e+03
9.531703e-05	8.700000e+02	1.000000e+05	1.588602e+03
9.531703e-05	8.700000e+02	1.000000e+05	1.588602e+03
9.531703e-05	8.700000e+02	1.000000e+05	1.588602e+03
9.531703e-05	8.700000e+02	1.000000e+05	1.588602e+03
9.531703e-05	8.700000e+02	1.000000e+05	1.588602e+03
9.531703e-05	8.700000e+02	1.000000e+05	1.588602e+03
9.531703e-05	8.700000e+02	1.000000e+05	1.588602e+03
9.531703e-05	8.700000e+02	1.000000e+05	1.588602e+03
9.531703e-05	8.700000e+02	1.000000e+05	1.588602e+03
9.531703e-05	8.700000e+02	1.000000e+05	1.588602e+03
9.531703e-05	8.700000e+02	1.000000e+05	1.588602e+03
9.531703e-05	8.700000e+02	1.000000e+05	1.588602e+03
9.531703e-05	8.700000e+02	1.000000e+05	1.588602e+03
9.531703e-05	8.700000e+02	1.000000e+05	1.588602e+03
9.531703e-05	8.700000e+02	1.000000e+05	1.588602e+03
9.531703e-05	8.700000e+02	1.000000e+05	1.588602e+03
9.531703e-05	8.700000e+02	1.000000e+05	1.588602e+03
9.531703e-05	8.700000e+02	1.000000e+05	1.588602e+03
9.531703e-05	8.700000e+02	1.000000e+05	1.588602e+03
9.531703e-05	8.700000e+02	1.000000e+05	1.588602e+03
9.531703e-05	8.700000e+02	1.000000e+05	1.588602e+03
9.531703e-05	8.700000e+02	1.000000e+05	1.588602e+03
9.531703e-05	8.700000e+02	1.000000e+05	1.588602e+03
9.531703e-05	8.700000e+02	1.000000e+05	1.588602e+03
9.531703e-05	8.700000e+02	1.000000e+05	1.588602e+03
9.531703e-05	8.700000e+02	1.000000e+05	1.588602e+03
9.531703e-05	8.700000e+02	1.000000e+05	1.588602e+03
9.531703e-05	8.700000e+02	1.000000e+05	1.588602e+03
9.531703e-05	8.700000e+02	1.000000e+05	1.588602e+03
9.531703e-05	8.700000e+02	1.000000e+05	1.588602e+03
9.531703e-05	8.700000e+02	1.000000e+05	1.588602e+03
9.531703e-05	8.700000e+02	1.000000e+05	1.588602e+03
9.531703e-05	8.700000e+02	1.000000e+05	1.588602e+03
9.531703e-05	8.700000e+02	1.000000e+05	1.588602e+03
9.531703e-05	8.700000e+02	1.000000e+05	1.588602e+03
9.531703e-05	8.700000e+02	1.000000e+05	1.588602e+03
9.531703e-05	8.700000e+02	1.000000e+05	1.588602e+03
9.531703e-05	8.700000e+02	1.000000e+05	1.588602e+03
9.531703e-05	8.700000e+02	1.000000e+05	1.588602e+03
9.531703e-05	8.700000e+02	1.000000e+05	1.588602e+03
9.531703e-05	8.700000e+02	1.000000e+05	1.588602e+03
9.531703e-05	8.700000e+02	1.000000e+05	1.588602e+03
9.531703e-05	8.700000e+02	1.000000e+05	1.588602e+03
9.531703e-05	8.700000e+02	1.000000e+05	1.588602e+03
9.531703e-05	8.700000e+02	1.000000e+05	1.588602e+03
9.531703e-05	8.700000e+02	1.000000e+05	1.588602e+03
9.531703e-05	8.700000e+02	1.000000e+05	1.588602e+03
9.531703e-05	8.700000e+02	1.000000e+05	1.588602e+03
9.531703e-05	8.700000e+02	1.000000e+05	1.588602e+03
9.531703e-05	8.700000e+02	1.000000e+05	1.588602e+03
9.531703e-05	8.700000e+02	1.000000e+05	1.588602e+03
9.531703e-05	8.700000e+02	1.000000e+05	1.588602e+03
9.531703e-05	8.700000e+02	1.000000e+05	1.588602e+03
9.531703e-05	8.700000e+02	1.000000e+05	1.588602e+03
9.531703e-05	8.700000e+02	1.000000e+05	1.588602e+03
9.531703e-05	8.700000e+02	1.000000e+05	1.588602e+03
9.531703e-05	8.700000e+02	1.000000e+05	1.588602e+03
9.531703e-05	8.700000e+02	1.000000e+05	1.588602e+03
9.531703e-05	8.700000e+02	1.000000e+05	1.588602e+03
9.531703e-05	8.700000e+02	1.000000e+05	1.588602e+03
9.531703e-05	8.700000e+02	1.000000e+05	1.588602e+03
9.531703e-05	8.700000e+02	1.000000e+05	1.588602e+03
9.531703e-05	8.700000e+02	1.000000e+05	1.588602e+03
9.531703e-05	8.700000e+02	1.000000e+05	1.588602e+03
9.531703e-05	8.700000e+02	1.000000e+05	1.588602e+03
9.531703e-05	8.700000e+02	1.000000e+05	1.588602e+03
9.531703e-05	8.700000e+02	1.000000e+05	1.588602e+03
9.531703e-05	8.700000e+02	1.000000e+05	1.588602e+03
9.531703e-05	8.700000e+02	1.000000e+05	1.588602e+03
9.531703e-05	8.700000e+02	1.000000e+05	1.588602e+03
9.531703e-05	8.700000e+02	1.000000e+05	1.588602e+03
9.531703e-05	8.700000e+02	1.000000e+05	1.588602e+03
9.531703e-05	8.700000e+02	1.000000e+05	1.588602e+03
9.531703e-05	8.700000e+02	1.000000e+05	1.588602e+03
9.531703e-05	8.700000e+02	1.000000e+05	1.588602e+03
9.531703e-05	8.700000e+02	1.000000e+05	1.588602e+03
9.531703e-05	8.700000e+02	1.000000e+05	1.588602e+03
9.531703e-05	8.700000e+02	1.000000e+05	1.588602e+03
9.531703e-05	8.700000e+02	1.000000e+05	1.588602e+03
9.531703e-05	8.700000e+02	1.000000e+05	1.588602e+03
9.531703e-05	8.700000e+02	1.000000e+05	1.588602e+03
9.531703e-05	8.700000e+02	1.000000e+05	1.588602e+03
9.531703e-05	8.700000e+02	1.000000e+05	1.588602e+03
9.531703e-05	8.700000e+02	1.000000e+05	1.588602e+03
9.531703e-05	8.700000e+02	1.000000e+05	1.588602e+03
9.531703e-05	8.700000e+02	1.000000e+05	1.588602e+03
9.531703e-05	8.700000e+02	1.000000e+05	1.588602e+03
9.531703e-05	8.700000e+02	1.000000e+05	1.588602e+03
9.531703e-05	8.700000e+02	1.000000e+05	1.588602e+03
9.531703e-05	8.700000e+02	1.000000e+05	1.588602e+03
9.531703e-05	8.700000e+02	1.000000e+05	1.588602e+03
9.531703e-05	8.700000e+02	1.000000e+05	1.588602e+03
9.531703e-05	8.700000e+02	1.000000e+05	1.588602e+03
9.531703e-05	8.700000e+02	1.000000e+05	1.588602e+03
9.531703e-05	8.700000e+02	1.000000e+05	1.588602e+03
9.531703e-05	8.700000e+02	1.000000e+05	1.588602e+03
9.531703e-05	8.700000e+02	1.000000e+05	1.588602e+03
9.531703e-05	8.700000e+02	1.000000e+05	1.588602e+03
9.531703e-05	8.700000e+02	1.000000e+05	1.588602e+03
9.531703e-05	8.700000e+02	1.000000e+05	1.588602e+03
9.531703e-05	8.700000e+02	1.000000e+05	1.588602e+03
9.531703e-05	8.700000e+02	1.000000e+05	1.588602e+03
9.531703e-05	8.700000e+02	1.000000e+05	1.588602e+03
9.531703e-05	8.700000e+02	1.000000e+05	1.588602e+03
9.531703e-05	8.700000e+02	1.000000e+05	1.588602e+03
9.531703e-05	8.700000e+02	1.000000e+05	1.588602e+03
9.531703e-05	8.700000e+02	1.000000e+05	1.588602e+03
9.531703e-05	8.700000e+02	1.000000e+05	1.588602e+03
9.531703e-05	8.700000e+02	1.000000e+05	1.588602e+03
9.531703e-05	8.700000e+02	1.000000e+05	1.588602e+03
9.531703e-05	8.700000e+02	1.000000e+05	1.588602e+03
9.531703e-05	8.700000e+02	1.000000e+05	1.588602e+03
9.531703e-05	8.700000e+02	1.000000e+05	1.588602e+03
9.531703e-05	8.700000e+02	1.000000e+05	1.588602e+03
9.531703e-05	8.700000e+02	1.000000e+05	1.588602e+03
9.531703e-05	8.700000e+02	1.000000e+05	1.588602e+03
9.531703e-05	8.700000e+02	1.000000e+05	1.588602e+03
9.531703e-05	8.700000e+02	1.000000e+05	1.588602e+03
9.531703e-05	8.700000e+02	1.000000e+05	1.588602e+03
9.531703e-05	8.700000e+02	1.000000e+05	1.588602e+03
9.531703e-05	8.700000e+02	1.000000e+05	1.588602e+03
9.531703e-05	8.700000e+02	1.000000e+05	1.588602e+03
9.531703e-05	8.700000e+02	1.000000e+05	1.588602e+03
9.531703e-05	8.700000e+02	1.000000e+05	1.588602e+03
9.531703e-05	8.700000e+02	1.000000e+05	1.588602e+03
9.531703e-05	8.700000e+02	1.000000e+05	1.588602e+03
9.531703e-05	8.700000e+02	1.000000e+05	1.588602e+03
9.531703e-05	8.700000e+02	1.000000e+05	1.588602e+03
9.531703e-05	8.700000e+02	1.000000e+05	1.588602e+03
9.531703e-05	8.700000e+02	1.000000e+05	1.588602e+03
9.531703e-05	8.700000e+02	1.000000e+05	1.588602e+03
9.531703e-05	8.700000e+02	1.000000e+05	1.588602e+03
9.531703e-05	8.700000e+02	1.000000e+05	1.588602e+03
9.531703e-05	8.700000e+02	1.000000e+05	1.588602e+03
9.531703e-05	8.700000e+02	1.000000e+05	1.588602e+03
9.531703e-05	8.700000e+02	1.000000e+05	1.588602e+03
9.531703e-05	8.700000e+02	1.000000e+05	1.588602e+03
9.531703e-05	8.700000e+02	1.000000e+05	1.588602e+03
9.531703e-05	8.700000e+02	1.000000e+05	1.588602e+03
9.531703e-05	8.700000e+02	1.000000e+05	1.588602e+03
9.531703e-05	8.700000e+02	1.000000e+05	1.588602e+03
9.531703e-05	8.700000e+02	1.000000e+05	1.588602e+03
9.531703e-05	8.700000e+02	1.000000e+05	1.588602e+03
9.531703e-05	8.700000e+02	1.000000e+05	1.588602e+03
9.531703e-05	8.700000e+02	1.000000e+05	1.588602e+03
9.531703e-05	8.700000e+02	1.000000e+05	1.588602e+03
9.531703e-05	8.700000e+02	1.000000e+05	1.588602e+03
9.531703e-05	8.700000e+02	1.000000e+05	1.588602e+03
9.531703e-05	8.700000e+02	1.000000e+05	1.588602e+03
9.531703e-05	8.700000e+02	1.000000e+05	1.588602e+03
9.531703e-05	8.700000e+02	1.000000e+05	1.588602e+03
9.531703e-05	8.700000e+02	1.000000e+05	1.588602e+03
9.531703e-05	8.700000e+02	1.000000e+05	1.588602e+03
9.531703e-05	8.700000e+02	1.000000e+05	1.588602e+03
9.531703e-05	8.700000e+02	1.000000e+05	1.588602e+03
9.531703e-05	8.700000e+02	1.000000e+05	1.588602e+03
9.531703e-05	8.700000e+02	1.000000e+05	1.588602e+03
9.531703e-05	8.700000e+02	1.000000e+05	1.588602e+03
9.531703e-05	8.700000e+02	1.000000e+05	1.588602e+03
9.531703e-05	8.700000e+02	1.000000e+05	1.588602e+03
9.531703e-05	8.700000e+02	1.000000e+05	1.588602e+03
9.531703e-05	8.700000e+02	1.000000e+05	1.588602e+03
9.531703e-05	8.700000e+02	1.000000e+05	1.588602e+03
9.531703e-05	8.700000e+02	1.000000e+05	1.588602e+03
9.531703e-05	8.700000e+02	1.000000e+05	1.588602e+03
9.531703e-05	8.700000e+02	1.000000e+05	1.588602e+03
9.531703e-05	8.700000e+02	1.000000e+05	1.588602e+03
9.531703e-05	8.700000e+02	1.000000e+05	1.588602e+03
9.531703e-05	8.700000e+02	1.000000e+05	1.588602e+03
9.531703e-05	8.700000e+02	1.000000e+05	1.588602e+03
9.531703e-05	8.700000e+02	1.000000e+05	1.588602e+03
9.531703e-05	8.700000e+02	1.000000e+05	1.588602e+03
9.531703e-05	8.700000e+02	1.000000e+05	1.588602e+03
9.531703e-05	8.700000e+02	1.000000e+05	1.588602e+03
9.531703e-05	8.700000e+02	1.000000e+05	1.588602e+03
9.531703e-05	8.700000e+02	1.000000e+05	1.588602e+03
9.531703e-05	8.700000e+02	1.000000e+05	1.588602e+03
9.531703e-05	8.700000e+02	1.000000e+05	1.588602e+03
9.531703e-05	8.700000e+02	1.000000e+05	1.588602e+03
9.531703e-05	8.700000e+02	1.000000e+05	1.588602e+03
9.531703e-05	8.700000e+02	1.000000e+05	1.588602e+03
9.531703e-05	8.700000e+02	1.000000e+05	1.588602e+03
9.531703e-05	8.700000e+02	1.000000e+05	1.588602e+03
9.531703e-05	8.700000e+02	1.000000e+05	1.588602e+03
9.531703e-05	8.700000e+02	1.000000e+05	1.588602e+03
9.531703e-05	8.700000e+02	1.000000e+05	1.588602e+03
9.531703e-05	8.700000e+02	1.000000e+05	1.588602e+03
9.531703e-05	8.700000e+02	1.000000e+05	1.588602e+03
9.531703e-05	8.700000e+02	1.000000e+05	1.588602e+03
9.531703e-05	8.700000e+02	1.000000e+05	1.588602e+03
9.531703e-05	8.700000e+02	1.000000e+05	1.588602e+03
9.531703e-05	8.700000e+02	1.000000e+05	1.588602e+03
9.531703e-05	8.700000e+02	1.000000e+05	1.588602e+03
9.531703e-05	8.700000e+02	1.000000e+05	1.588602e+03
9.531703e-05	8.700000e+02	1.000000e+05	1.588602e+03
9.531703e-05	8.700000e+02	1.000000e+05	1.588602e+03
9.531703e-05	8.700000e+02	1.000000e+05	1.588602e+03
9.531703e-05	8.700000e+02	1.000000e+05	1.588602e+03
9.531703e-05	8.700000e+02	1.000000e+05	1.588602e+03
9.531703e-05	8.700000e+02	1.000000e+05	1.588602e+03
9.531703e-05	8.700000e+02	1.000000e+05	1.588602e+03
9.531703e-05	8.700000e+02	1.000000e+05	1.588602e+03
9.531703e-05	8.700000e+02	1.000000e+05	1.588602e+03
9.531703e-05	8.700000e+02	1.000000e+05	1.588602e+03
9.531703e-05	8.700000e+02	1.000000e+05	1.588602e+03
9.531703e-05	8.700000e+02	1.000000e+05	1.588602e+03
9.531703e-05	8.700000e+02	1.000000e+05	1.588602e+03
9.531703e-05	8.700000e+02	1.000000e+05	1.588602e+03
9.531703e-05	8.700000e+02	1.000000e+05	1.588602e+03
9.531703e-05	8.700000e+02	1.000000e+05	1.588602e+03
9.531703e-05	8.700000e+02	1.000000e+05	1.588602e+03
9.531703e-05	8.700000e+02	1.000000e+05	1.588602e+03
9.531703e-05	8.700000e+02	1.000000e+05	1.588602e+03
9.531703e-05	8.700000e+02	1.000000e+05	1.588602e+03
9.531703e-05	8.700000e+02	1.000000e+05	1.588602e+03
9.531703e-05	8.700000e+02	1.000000e+05	1.588602e+03
9.531703e-05	8.700000e+02	1.000000e+05	1.588602e+03
9.531703e-05	8.700000e+02	1.000000e+05	1.588602e+03
9.531703e-05	8.700000e+02	1.000000e+05	1.588602e+03
9.531703e-05	8.700000e+02	1.000000e+05	1.588602e+03
9.531703e-05	8.700000e+02	1.000000e+05	1.588602e+03
9.531703e-05	8.700000e+02	1.000000e+05	1.588602e+03
9.531703e-05	8.700000e+02	1.000000e+05	1.588602e+03
9.531703e-05	8.700000e+02	1.000000e+05	1.588602e+03
9.531703e-05	8.700000e+02	1.000000e+05	1.588602e+03
9.531703e-05	8.700000e+02	1.000000e+05	1.588602e+03
9.531703e-05	8.700000e+02	1.000000e+05	1.588602e+03
9.531703e-05	8.700000e+02	1.000000e+05	1.588602e+03
9.531703e-05	8.700000e+02	1.000000e+05	1.588602e+03
9.531703e-05	8.700000e+02	1.000000e+05	1.588602e+03
9.531703e-05	8.700000e+02	1.000000e+05	1.588602e+03
9.531703e-05	8.700000e+02	1.000000e+05	1.588602e+03
9.531703e-05	8.700000e+02	1.000000e+05	1.588602e+03
9.531703e-05	8.700000e+02	1.000000e+05	1.588602e+03
9.531703e-05	8.700000e+02	1.000000e+05	1.588602e+03
9.531703e-05	8.700000e+02	1.000000e+05	1.588602e+03
9.531703e-05	8.700000e+02	1.000000e+05	1.588602e+03
9.531703e-05	8.700000e+02	1.000000e+05	1.588602e+03
9.531703e-05	8.700000e+02	1.000000e+05	1.588602e+03
9.531703e-05	8.700000e+02	1.000000e+05	1.588602e+03
9.531703e-05	8.700000e+02	1.000000e+05	1.588602e+03
9.531703e-05	8.700000e+02	1.000000e+05	1.588602e+03
9.531703e-05	8.700000e+02	1.000000e+05	1.588602e+03
9.531703e-05	8.700000e+02	1.000000e+05	1.588602e+03
9.531703e-05	8.700000e+02	1.000000e+05	1.588602e+03
9.531703e-05	8.700000e+02	1.000000e+05	1.588602e+03
9.531703e-05	8.700000e+02	1.000000e+05	1.588602e+03
9.531703e-05	8.700000e+02	1.000000e+05	1.588602e+03
9.531703e-05	8.700000e+02	1.000000e+05	1.588602e+03
9.531703e-05	8.700000e+02	1.000000e+05	1.588602e+03
9.531703e-05	8.700000e+02	1.000000e+05	1.588602e+03
9.531703e-05	8.700000e+02	1.000000e+05	1.588602e+03
9.531703e-05	8.700000e+02	1.000000e+05	1.588602e+03
9.531703e-05	8.700000e+02	1.000000e+05	1.588602e+03
9.531703e-05	8.700000e+02	1.000000e+05	1.588602e+03
9.531703e-05	8.700000e+02	1.000000e+05	1.588602e+03
9.531703e-05	8.700000e+02	1.000000e+05	1.588602e+03
9.531703e-05	8.700000e+02	1.000000e+05	1.588602e+03
9.531703e-05	8.700000e+02	1.000000e+05	1.588602e+03
9.531703e-05	8.700000e+02	1.000000e+05	1.588602e+03
9.531703e-05	8.700000e+02	1.000000e+05	1.588602e+03
9.531703e-05	8.700000e+02	1.000000e+05	1.588602e+03
9.531703e-05	8.700000e+02	1.000000e+05	1.588602e+03
9.531703e-05	8.700000e+02	1.000000e+05	1.588602e+03
9.531703e-05	8.700000e+02	1.000000e+05	1.588602e+03
9.531703e-05	8.700000e+02	1.000000e+05	1.588602e+03
9.531703e-05	8.700000e+02	1.000000e+05	1.588602e+03
9.531703e-05	8.700000e+02	1.000000e+05	1.588602e+03
9.531703e-05	8.700000e+02	1.000000e+05	1.588602e+03
9.531703e-05	8.700000e+02	1.000000e+05	1.588602e+03
9.531703e-05	8.700000e+02	1.000000e+05	1.588602e+03
9.531703e-05	8.700000e+02	1.000000e+05	1.588602e+03
9.531703e-05	8.700000e+02	1.000000e+05	1.588602e+03
9.531703e-05	8.700000e+02	1.000000e+05	1.588602e+03
9.531703e-05	8.700000e+02	1.000000e+05	1.588602e+03
9.531703e-05	8.700000e+02	1.000000e+05	1.588602e+03
9.531703e-05	8.700000e+02	1.000000e+05	1.588602e+03
9.531703e-05	8.700000e+02	1.000000e+05	1.588602e+03
9.531703e-05	8.700000e+02	1.000000e+05	1.588602e+03
9.531703e-05	8.700000e+02	1.000000e+05	1.588602e+03
9.531703e-05	8.700000e+02	1.000000e+05	1.588602e+03
9.531703e-05	8.700000e+02	1.000000e+05	1.588602e+03
9.531703e-05	8.700000e+02	1.000000e+05	1.588602e+03
9.531703e-05	8.700000e+02	1.000000e+05	1.588602e+03
9.531703e-05	8.700000e+02	1.000000e+05	1.588602e+03
9.531703e-05	8.700000e+02	1.000000e+05	1.588602e+03
9.531703e-05	8.700000e+02	1.000000e+05	1.588602e+03
9.531703e-05	8.700000e+02	1.000000e+05	1.588602e+03
9.531703e-05	8.700000e+02	1.000000e+05	1.588602e+03
9.531703e-05	8.700000e+02	1.000000e+05	1.588602e+03
9.531703e-05	8.700000e+02	1.000000e+05	1.588602e+03
9.531703e-05	8.700000e+02	1.000000e+05	1.588602e+03
9.531703e-05	8.700000e+02	1.000000e+05	1.588602e+03
9.531703e-05	8.700000e+02	1.000000e+05	1.588602e+03
9.531703e-05	8.700000e+02	1.000000e+05	1.588602e+03
9.531703e-05	8.700000e+02	1.000000e+05	1.588602e+03
9.531703e-05	8.700000e+02	1.000000e+05	1.588602e+03
9.531703e-05	8.700000e+02	1.000000e+05	1.588602e+03
9.531703e-05	8.700000e+02	1.000000e+05	1.588602e+03
9.531703e-05	8.700000e+02	1.000000e+05	1.588602e+03
9.531703e-05	8.700000e+02	1.000000e+05	1.588602e+03
9.531703e-05	8.700000e+02	1.000000e+05	1.588602e+03
9.531703e-05	8.700000e+02	1.000000e+05	1.588602e+03
9.531703e-05	8.700000e+02	1.000000e+05	1.588602e+03
9.531703e-05	8.700000e+02	1.000000e+05	1.588602e+03
9.531703e-05	8.700000e+02	1.000000e+05	1.588602e+03
9.531703e-05	8.700000e+02	1.000000e+05	1.588602e+03
9.531703e-05	8.700000e+02	1.000000e+05	1.588602e+03
9.531703e-05	8.700000e+02	1.000000e+05	1.588602e+03
9.531703e-05	8.700000e+02	1.000000e+05	1.588602e+03
9.531703e-05	8.700000e+02	1.000000e+05	1.588602e+03
9.531703e-05	8.700000e+02	1.000000e+05	1.588602e+03
9.531703e-05	8.700000e+02	1.000000e+05	1.588602e+03
9.531703e-05	8.700000e+02	1.000000e+05	1.588602e+03
9.531703e-05	8.700000e+02	1.000000e+05	1.588602e+03
9.531703e-05	8.700000e+02	1.000000e+05	1.588602e+03
9.531703e-05	8.700000e+02	1.000000e+05	1.588602e+03
9.531703e-05	8.700000e+02	1.000000e+05	1.588602e+03
9.531703e-05	8.700000e+02	1.000000e+05	1.588602e+03
9.531703e-05	8.700000e+02	1.000000e+05	1.588602e+03
9.531703e-05	8.700000e+02	1.000000e+05	1.588602e+03
9.531703e-05	8.700000e+02	1.000000e+05	1.588602e+03
9.531703e-05	8.700000e+02	1.000000e+05	1.588602e+03
9.531703e-05	8.700000e+02	1.000000e+05	1.588602e+03
9.531703e-05	8.700000e+02	1.000000e+05	1.588602e+03
9.531703e-05	8.700000e+02	1.000000e+05	1.588602e+03
9.531703e-05	8.700000e+02	1.000000e+05	1.588602e+03
9.531703e-05	8.700000e+02	1.000000e+05	1.588602e+03
9.531703e-05	8.700000e+02	1.000000e+05	1.588602e+03
9.531703e-05	8.700000e+02	1.000000e+05	1.588602e+03
9.531703e-05	8.700000e+02	1.000000e+05	1.588602e+03
9.531703e-05	8.700000e+02	1.000000e+05	1.588602e+03
9.531703e-05	8.700000e+02	1.000000e+05	1.588602e+03
9.531703e-05	8.700000e+02	1.000000e+05	1.588602e+03
9.531703e-05	8.700000e+02	1.000000e+05	1.588602e+03
9.531703e-05	8.700000e+02	1.000000e+05	1.588602e+03
9.531703e-05	8.700000e+02	1.000000e+05	1.588602e+03
9.531703e-05	8.700000e+02	1.000000e+05	1.588602e+03
9.531703e-05	8.700000e+02	1.000000e+05	1.588602e+03
9.531703e-05	8.700000e+02	1.000000e+05	1.588602e+03
9.531703e-05	8.700000e+02	1.000000e+05	1.588602e+03
9.531703e-05	8.700000e+02	1.000000e+05	1.588602e+03
9.531703e-05	8.700000e+02	1.000000e+05	1.588602e+03
9.531703e-05	8.700000e+02	1.000000e+05	1.588602e+03
9.531703e-05	8.700000e+02	1.000000e+05	1.588602e+03
9.531703e-05	8.700000e+02	1.000000e+05	1.588602e+03
9.531703e-05	8.700000e+02	1.000000e+05	1.588602e+03
9.531703e-05	8.700000e+02	1.000000e+05	1.588602e+03
9.531703e-05	8.700000e+02	1.000000e+05	1.588602e+03
9.531703e-05	8.700000e+02	1.000000e+05	1.588602e+03
9.531703e-05	8.700000e+02	1.000000e+05	1.588602e+03
9.531703e-05	8.700000e+02	1.000000e+05	1.588602e+03
9.531703e-05	8.700000e+02	1.000000e+05	1.588602e+03
9.531703e-05	8.700000e+02	1.000000e+05	1.588602e+03
9.531703e-05	8.700000e+02	1.000000e+05	1.588602e+03
9.531703e-05	8.700000e+02	1.000000e+05	1.588602e+03
9.531703e-05	8.700000e+02	1.000000e+05	1.588602e+03
9.531703e-05	8.700000e+02	1.000000e+05	1.588602e+03
9.531703e-05	8.700000e+02	1.000000e+05	1.588602e+03
9.531703e-05	8.700000e+02	1.000000e+05	1.588602e+03
9.531703e-05	8.700000e+02	1.000000e+05	1.588602e+03
9.531703e-05	8.700000e+02	1.000000e+05	1.588602e+03
9.531703e-05	8.700000e+02	1.000000e+05	1.588602e+03
9.531703e-05	8.700000e+02	1.000000e+05	1.588602e+03
9.531703e-05	8.700000e+02	1.000000e+05	1.588602e+03
9.531703e-05	8.700000e+02	1.000000e+05	1.588602e+03
9.531703e-05	8.700000e+02	1.000000e+05	1.588602e+03
9.531703e-05	8.700000e+02	1.000000e+05	1.588602e+03
9.531703e-05	8.700000e+02	1.000000e+05	1.588602e+03
9.531703e-05	8.700000e+02	1.000000e+05	1.588602e+03
9.531703e-05	8.700000e+02	1.000000e+05	1.588602e+03
9.531703e-05	8.700000e+02	1.000000e+05	1.588602e+03
9.531703e-05	8.700000e+02	1.000000e+05	1.588602e+03
9.531703e-05	8.700000e+02	1.000000e+05	1.588602e+03
9.531703e-05	8.700000e+02	1.000000e+05	1.588602e+03
9.531703e-05	8.700000e+02	1.000000e+05	1.588602e+03
9.531703e-05	8.700000e+02	1.000000e+05	1.588602e+03
9.531703e-05	8.700000e+02	1.000000e+05	1.588602e+03
9.531703e-05	8.700000e+02	1.000000e+05	1.588602e+03
9.531703e-05	8.700000e+02	1.000000e+05	1.588602e+03
9.531703e-05	8.700000e+02	1.000000e+05	1.588602e+03
9.531703e-05	8.700000e+02	1.000000e+05	1.588602e+03
9.531703e-05	8.700000e+02	1.000000e+05	1.588602e+03
9.531703e-05	8.700000e+02	1.000000e+05	1.588602e+03
9.531703e-05	8.700000e+02	1.000000e+05	1.588602e+03
9.531703e-05	8.700000e+02	1.000000e+05	1.588602e+03
9.531703e-05	8.700000e+02	1.000000e+05	1.588602e+03
9.531703e-05	8.700000e+02	1.000000e+05	1.588602e+03
9.531703e-05	8.700000e+02	1.000000e+05	1.588602e+03
9.531703e-05	8.700000e+02	1.000000e+05	1.588602e+03
9.531703e-05	8.700000e+02	1.000000e+05	1.588602e+03
9.531703e-05	8.700000e+02	1.000000e+05	1.588602e+03
9.531703e-05	8.700000e+02	1.000000e+05	1.588602e+03
9.531703e-05	8.700000e+02	1.000000e+05	1.588602e+03
9.531703e-05	8.700000e+02	1.000000e+05	1.588602e+03
9.531703e-05	8.700000e+02	1.000000e+05	1.588602e+03
9.531703e-05	8.700000e+02	1.000000e+05	1.588602e+03
9.531703e-05	8.700000e+02	1.000000e+05	1.588602e+03
9.531703e-05	8.700000e+02	1.000000e+05	1.588602e+03
9.531703e-05	8.700000e+02	1.000000e+05	1.588602e+03
9.531703e-05	8.700000e+02	1.000000e+05	1.588602e+03
9.531703e-05	8.700000e+02	1.000000e+05	1.588602e+03
9.531703e-05	8.700000e+02	1.000000e+05	1.588602e+03
9.531703e-05	8.700000e+02	1.000000e+05	1.588602e+03
9.531703e-05	8.700000e+02	1.000000e+05	1.588602e+03
9.531703e-05	8.700000e+02	1.000000e+05	1.588602e+03
9.531703e-05	8.700000e+02	1.000000e+05	1.588602e+03
9.531703e-05	8.700000e+02	1.000000e+05	1.588602e+03
9.531703e-05	8.700000e+02	1.000000e+05	1.588602e+03
9.531703e-05	8.700000e+02	1.000000e+05	1.588602e+03
9.531703e-05	8.700000e+02	1.000000e+05	1.588602e+03
9.531703e-05	8.700000e+02	1.000000e+05	1.588602e+03
9.531703e-05	8.700000e+02	1.000000e+05	1.588602e+03
9.531703e-05	8.700000e+02	1.000000e+05	1.588602e+03
9.531703e-05	8.700000e+02	1.000000e+05	1.588602e+03
9.531703e-05	8.700000e+02	1.000000e+05	1.588602e+03
9.531703e-05	8.700000e+02	1.000000e+05	1.588602e+03
9.531703e-05	8.700000e+02	1.000000e+05	1.588602e+03
9.531703e-05	8.700000e+02	1.000000e+05	1.588602e+03
9.531703e-05	8.700000e+02	1.000000e+05	1.588602e+03
9.531703e-05	8.700000e+02	1.000000e+05	1.588602e+03
9.531703e-05	8.700000e+02	1.000000e+05	1.588602e+03
9.531703e-05	8.700000e+02	1.000000e+05	1.588602e+03
9.531703e-05	8.700000e+02	1.000000e+05	1.588602e+03
9.531703e-05	8.700000e+02	1.000000e+05	1.588602e+03
9.531703e-05	8.700000e+02	1.000000e+05	1.588602e+03
9.531703e-05	8.700000e+02	1.000000e+05	1.588602e+03
9.531703e-05	8.700000e+02	1.000000e+05	1.588602e+03
9.531703e-05	8.700000e+02	1.000000e+05	1.588602e+03
9.531703e-05	8.700000e+02	1.000000e+05	1.588602e+03
9.531703e-05	8.700000e+02	1.000000e+05	1.588602e+03
9.531703e-05	8.700000e+02	1.000000e+05	1.588602e+03
9.531703e-05	8.700000e+02	1.000000e+05	1.588602e+03
9.531703e-05	8.700000e+02	1.000000e+05	1.588602e+03
9.531703e-05	8.700000e+02	1.000000e+05	1.588602e+03
9.531703e-05	8.700000e+02	1.000000e+05	1.588602e+03
9.531703e-05	8.700000e+02	1.000000e+05	1.588602e+03
9.531703e-05	8.700000e+02	1.000000e+05	1.588602e+03
9.531703e-05	8.700000e+02	1.000000e+05	1.588602e+03
9.531703e-05	8.700000e+02	1.000000e+05	1.588602e+03
9.531703e-05	8.700000e+02	1.000000e+05	1.588602e+03
9.531703e-05	8.700000e+02	1.000000e+05	1.588602e+03
9.531703e-05	8.700000e+02	1.000000e+05	1.588602e+03
9.531703e-05	8.700000e+02	1.000000e+05	1.588602e+03
9.531703e-05	8.700000e+02	1.000000e+05	1.588602e+03
9.531703e-05	8.700000e+02	1.000000e+05	1.588602e+03
9.531703e-05	8.700000e+02	1.000000e+05	1.588602e+03
9.531703e-05	8.700000e+02	1.000000e+05	1.588602e+03
9.531703e-05	8.700000e+02	1.000000e+05	1.588602e+03
9.531703e-05	8.700000e+02	1.000000e+05	1.588602e+03
9.531703e-05	8.700000e+02	1.000000e+05	1.588602e+03
9.531703e-05	8.700000e+02	1.000000e+05	1.588602e+03
9.531703e-05	8.700000e+02	1.000000e+05	1.588602e+03
9.531703e-05	8.700000e+02	1.000000e+05	1.588602e+03
9.531703e-05	8.700000e+02	1.000000e+05	1.588602e+03
9.531703e-05	8.700000e+02	1.000000e+05	1.588602e+03
9.531703e-05	8.700000e+02	1.000000e+05	1.588602e+03
9.531703e-05	8.700000e+02	1.000000e+05	1.588602e+03
9.531703e-05	8.700000e+02	1.000000e+05	1.588602e+03
9.531703e-05	8.700000e+02	1.000000e+05	1.588602e+03
9.531703e-05	8.700000e+02	1.000000e+05	1.588602e+03
9.531703e-05	8.700000e+02	1.000000e+05	1.588602e+03
9.531703e-05	8.700000e+02	1.000000e+05	1.588602e+03
9.531703e-05	8.700000e+02	1.000000e+05	1.588602e+03
9.531703e-05	8.700000e+02	1.000000e+05	1.588602e+03
9.531703e-05	8.700000e+02	1.000000e+05	1.588602e+03
9.531703e-05	8.700000e+02	1.000000e+05	1.588602e+03
9.531703e-05	8.700000e+02	1.000000e+05	1.588602e+03
9.531703e-05	8.700000e+02	1.000000e+05	1.588602e+03
9.531703e-05	8.700000e+02	1.000000e+05	1.588602e+03
9.531703e-05	8.700000e+02	1.000000e+05	1.588602e+03
9.531703e-05	8.700000e+02	1.000000e+05	1.588602e+03
9.531703e-05	8.700000e+02	1.000000e+05	1.588602e+03
9.531703e-05	8.700000e+02	1.000000e+05	1.588602e+03
9.531703e-05	8.700000e+02	1.000000e+05	1.588602e+03
9.531703e-05	8.700000e+02	1.000000e+05	1.588602e+03
9.531703e-05	8.700000e+02	1.000000e+05	1.588602e+03
9.531703e-05	8.700000e+02	1.000000e+05	1.588602e+03
9.531703e-05	8.700000e+02	1.000000e+05	1.588602e+03
9.531703e-05	8.700000e+02	1.000000e+05	1.588602e+03
9.531703e-05	8.700000e+02	1.000000e+05	1.588602e+03
9.531703e-05	8.700000e+02	1.000000e+05	1.588602e+03
9.531703e-05	8.700000e+02	1.000000e+05	1.588602e+03
9.531703e-05	8.700000e+02	1.000000e+05	1.588602e+03
9.531703e-05	8.700000e+02	1.000000e+05	1.588602e+03
9.531703e-05	8.700000e+02	1.000000e+05	1.588602e+03
9.531703e-05	8.700000e+02	1.000000e+05	1.588602e+03
9.531703e-05	8.700000e+02	1.000000e+05	1.588602e+03
9.531703e-05	8.700000e+02	1.000000e+05	1.588602e+03
9.531703e-05	8.700000e+02	1.000000e+05	1.588602e+03
9.531703e-05	8.700000e+02	1.000000e+05	1.588602e+03
9.531703e-05	8.700000e+02	1.000000e+05	1.588602e+03
9.531703e-05	8.700000e+02	1.000000e+05	1.588602e+03
9.531703e-05	8.700000e+02	1.000000e+05	1.588602e+03
9.531703e-05	8.700000e+02	1.000000e+05	1.588602e+03
9.531703e-05	8.700000e+02	1.000000e+05	1.588602e+03
9.531703e-05	8.700000e+02	1.000000e+05	1.588602e+03
9.531703e-05	8.700000e+02	1.000000e+05	1.588602e+03
9.531703e-05	8.700000e+02	1.000000e+05	1.588602e+03
9.531703e-05	8.700000e+02	1.000000e+05	1.588602e+03
9.531703e-05	8.700000e+02	1.000000e+05	1.588602e+03
9.531703e-05	8.700000e+02	1.000000e+05	1.588602e+03
9.531703e-05	8.700000e+02	1.000000e+05	1.588602e+03
9.531703e-05	8.700000e+02	1.000000e+05	1.588602e+03
9.531703e-05	8.700000e+02	1.000000e+05	1.588602e+03
9.531703e-05	8.700000e+02	1.000000e+05	1.588602e+03
9.531703e-05	8.700000e+02	1.000000e+05	1.588602e+03
9.531703e-05	8.700000e+02	1.000000e+05	1.588602e+03
9.531703e-05	8.700000e+02	1.000000e+05	1.588602e+03
9.531703e-05	8.700000e+02	1.000000e+05	1.588602e+03
9.531703e-05	8.700000e+02	1.000000e+05	1.588602e+03
9.531703e-05	8.700000e+02	1.000000e+05	1.588602e+03
9.531703e-05	8.700000e+02	1.000000e+05	1.588602e+03
9.531703e-05	8.700000e+02	1.000000e+05	1.588602e+03
9.531703e-05	8.700000e+02	1.000000e+05	1.588602e+03
9.531703e-05	8.700000e+02	1.000000e+05	1.588602e+03
9.531703e-05	8.700000e+02	1.000000e+05	1.588602e+03
9.531703e-05	8.700000e+02	1.000000e+05	1.588602e+03
9.531703e-05	8.700000e+02	1.000000e+05	1.588602e+03
9.531703e-05	8.700000e+02	1.000000e+05	1.588602e+03
9.531703e-05	8.700000e+02	1.000000e+05	1.588602e+03
9.531703e-05	8.700000e+02	1.000000e+05	1.588602e+03
9.531703e-05	8.700000e+02	1.000000e+05	1.588602e+03
9.531703e-05	8.700000e+02	1.000000e+05	1.588602e+03
9.531703e-05	8.700000e+02	1.000000e+05	1.588602e+03
9.531703e-05	8.700000e+02	1.000000e+05	1.588602e+03
9.531703e-05	8.700000e+02	1.000000e+05	1.588602e+03
9.531703e-05	8.700000e+02	1.000000e+05	1.588602e+03
9.531703e-05	8.700000e+02	1.000000e+05	1.588602e+03
9.531703e-05	8.700000e+02	1.000000e+05	1.588602e+03
9.531703e-05	8.700000e+02	1.000000e+05	1.588602e+03
9.531703e-05	8.700000e+02	1.000000e+05	1.588602e+03
9.531703e-05	8.700000e+02	1.000000e+05	1.588602e+03
9.531703e-05	8.700000e+02	1.000000e+05	1.588602e+03
9.531703e-05	8.700000e+02	1.000000e+05	1.588602e+03
9.531703e-05	8.700000e+02	1.000000e+05	1.588602e+03
9.531703e-05	8.700000e+02	1.000000e+05	1.588602e+03
9.531703e-05	8.700000e+02	1.000000e+05	1.588602e+03
9.531703e-05	8.700000e+02	1.000000e+05	1.588602e+03
9.531703e-05	8.700000e+02	1.000000e+05	1.588602e+03
9.531703e-05	8.700000e+02	1.000000e+05	1.588602e+03
9.531703e-05	8.700000e+02	1.000000e+05	1.588602e+03
9.531703e-05	8.700000e+02	1.000000e+05	1.588602e+03
9.531703e-05	8.700000e+02	1.000000e+05	1.588602e+03
9.531703e-05	8.700000e+02	1.000000e+05	1.588602e+03
9.531703e-05	8.700000e+02	1.000000e+05	1.588602e+03
9.531703e-05	8.700000e+02	1.000000e+05	1.588602e+03
9.531703e-05	8.700000e+02	1.000000e+05	1.588602e+03
9.531703e-05	8.700000e+02	1.000000e+05	1.588602e+03
9.531703e-05	8.700000e+02	1.000000e+05	1.588602e+03
9.531703e-05	8.700000e+02	1.000000e+05	1.588602e+03
9.531703e-05	8.700000e+02	1.000000e+05	1.588602e+03
9.531703e-05	8.700000e+02	1.000000e+05	1.588602e+03
9.531703e-05	8.700000e+02	1.000000e+05	1.588602e+03
9.531703e-05	8.700000e+02	1.000000e+05	1.588602e+03
9.531703e-05	8.700000e+02	1.000000e+05	1.588602e+03
9.531703e-05	8.700000e+02	1.000000e+05	1.588602e+03
9.531703e-05	8.700000e+02	1.000000e+05	1.588602e+03
9.531703e-05	8.700000e+02	1.000000e+05	1.588602e+03
9.531703e-05	8.700000e+02	1.000000e+05	1.588602e+03
9.531703e-05	8.700000e+02	1.000000e+05	1.588602e+03
9.531703e-05	8.700000e+02	1.000000e+05	1.588602e+03
9.531703e-05	8.700000e+02	1.000000e+05	1.588602e+03
9.531703e-05	8.700000e+02	1.000000e+05	1.588602e+03
9.531703e-05	8.700000e+02	1.000000e+05	1.588602e+03
9.531703e-05	8.700000e+02	1.000000e+05	1.588602e+03
9.531703e-05	8.700000e+02	1.000000e+05	1.588602e+03
9.531703e-05	8.700000e+02	1.000000e+05	1.588602e+03
9.531703e-05	8.700000e+02	1.000000e+05	1.588602e+03
9.531703e-05	8.700000e+02	1.000000e+05	1.588602e+03
9.531703e-05	8.700000e+02	1.000000e+05	1.588602e+03
9.531703e-05	8.700000e+02	1.000000e+05	1.588602e+03
9.531703e-05	8.700000e+02	1.000000e+05	1.588602e+03
9.531703e-05	8.700000e+02	1.000000e+05	1.588602e+03
9.531703e-05	8.700000e+02	1.000000e+05	1.588602e+03
9.531703e-05	8.700000e+02	1.000000e+05	1.588602e+03
9.531703e-05	8.700000e+02	1.000000e+05	1.588602e+03
9.531703e-05	8.700000e+02	1.000000e+05	1.588602e+03
9.531703e-05	8.700000e+02	1.000000e+05	1.588602e+03
9.531703e-05	8.700000e+02	1.000000e+05	1.588602e+03
9.531703e-05	8.700000e+02	1.000000e+05	1.588602e+03
9.531703e-05	8.700000e+02	1.000000e+05	1.588602e+03
9.531703e-05	8.700000e+02	1.000000e+05	1.588602e+03
9.531703e-05	8.700000e+02	1.000000e+05	1.588602e+03
9.531703e-05	8.700000e+02	1.000000e+05	1.588602e+03
9.531703e-05	8.700000e+02	1.000000e+05	1.588602e+03
9.531703e-05	8.700000e+02	1.000000e+05	1.588602e+03
9.531703e-05	8.700000e+02	1.000000e+05	1.588602e+03
9.531703e-05	8.700000e+02	1.000000e+05	1.588602e+03
9.531703e-05	8.700000e+02	1.000000e+05	1.588602e+03
9.531703e-05	8.700000e+02	1.000000e+05	1.588602e+03
9.531703e-05	8.700000e+02	1.000000e+05	1.588602e+03
9.531703e-05	8.700000e+02	1.000000e+05	1.588602e+03
9.531703e-05	8.700000e+02	1.000000e+05	1.588602e+03
9.531703e-05	8.700000e+02	1.000000e+05	1.588602e+03
9.531703e-05	8.700000e+02	1.000000e+05	1.588602e+03
9.531703e-05	8.700000e+02	1.000000e+05	1.588602e+03
9.531703e-05	8.700000e+02	1.000000e+05	1.588602e+03
9.531703e-05	8.700000e+02	1.000000e+05	1.588602e+03
9.531703e-05	8.700000e+02	1.000000e+05	1.588602e+03
9.531703e-05	8.700000e+02	1.000000e+05	1.588602e+03
9.531703e-05	8.700000e+02	1.000000e+05	1.588602e+03
9.531703e-05	8.700000e+02	1.000000e+05	1.588602e+03
9.531703e-05	8.700000e+02	1.000000e+05	1.588602e+03
9.531703e-05	8.700000e+02	1.000000e+05	1.588602e+03
9.531703e-05	8.700000e+02	1.000000e+05	1.588602e+03
9.531703e-05	8.700000e+02	1.000000e+05	1.588602e+03
9.531703e-05	8.700000e+02	1.000000e+05	1.588602e+03
9.531703e-05	8.700000e+02	1.000000e+05	1.588602e+03
9.531703e-05	8.700000e+02	1.000000e+05	1.588602e+03
9.531703e-05	8.700000e+02	1.000000e+05	1.588602e+03
9.531703e-05	8.700000e+02	1.000000e+05	1.588602e+03
9.531703e-05	8.700000e+02	1.000000e+05	1.588602e+03
