0.000000e+00	8.700000e+02	1.000000e+07	1.614941e+03
5.350166e-05	5.583908e+02	9.998994e+06	2.015351e+03
6.968874e-05	3.592340e+02	9.997993e+06	2.512641e+03
7.915111e-05	2.311185e+02	9.996993e+06	3.132572e+03
8.501533e-05	1.486952e+02	9.995993e+06	3.905433e+03
8.872290e-05	9.566671e+01	9.994992e+06	4.868964e+03
9.108680e-05	6.154959e+01	9.993992e+06	6.070209e+03
9.260007e-05	3.959947e+01	9.992991e+06	7.567821e+03
9.357083e-05	2.547729e+01	9.991991e+06	9.434919e+03
9.419430e-05	1.639143e+01	9.990990e+06	1.176267e+04
9.459499e-05	1.054580e+01	9.989990e+06	1.466471e+04
9.485261e-05	6.784877e+00	9.988989e+06	1.828276e+04
9.501828e-05	4.365196e+00	9.987989e+06	2.279345e+04
9.512485e-05	2.808438e+00	9.986989e+06	2.841704e+04
9.519339e-05	1.806864e+00	9.985988e+06	3.542810e+04
9.523749e-05	1.162480e+00	9.984988e+06	4.416896e+04
9.526586e-05	7.479019e-01	9.983987e+06	5.506642e+04
9.528411e-05	4.811753e-01	9.982987e+06	6.865257e+04
9.529585e-05	3.095718e-01	9.981986e+06	8.559079e+04
9.530340e-05	1.991677e-01	9.980986e+06	1.067082e+05
9.530826e-05	1.281373e-01	9.979985e+06	1.330358e+05
9.531139e-05	8.243882e-02	9.978985e+06	1.658593e+05
9.531340e-05	5.303802e-02	9.977985e+06	2.067813e+05
9.531470e-05	3.412261e-02	9.976984e+06	2.578001e+05
9.531553e-05	2.195313e-02	9.975984e+06	3.214069e+05
9.531606e-05	1.412376e-02	9.974983e+06	4.007077e+05
9.531641e-05	9.086638e-03	9.973983e+06	4.995747e+05
9.531663e-05	5.845958e-03	9.972982e+06	6.228357e+05
9.531677e-05	3.761036e-03	9.971982e+06	7.765097e+05
9.531686e-05	2.419684e-03	9.970981e+06	9.681009e+05
9.531692e-05	1.556715e-03	9.969981e+06	1.206965e+06
9.531696e-05	1.001519e-03	9.968981e+06	1.504766e+06
9.531699e-05	6.443300e-04	9.967980e+06	1.876047e+06
9.531700e-05	4.145310e-04	9.966980e+06	2.338937e+06
9.531701e-05	2.666889e-04	9.965979e+06	2.916043e+06
9.531702e-05	1.715744e-04	9.964979e+06	3.635544e+06
9.531702e-05	1.103822e-04	9.963978e+06	4.532579e+06
9.531703e-05	7.101422e-05	9.962978e+06	5.650951e+06
9.531703e-05	4.568681e-05	9.961978e+06	7.045278e+06
9.531703e-05	2.939245e-05	9.960977e+06	8.783648e+06
9.531703e-05	1.890950e-05	9.959977e+06	1.095096e+07
9.531703e-05	1.216532e-05	9.958976e+06	1.365305e+07
9.531703e-05	7.826483e-06	9.957976e+06	1.702187e+07
9.531703e-05	5.035111e-06	9.956975e+06	2.122196e+07
9.531703e-05	3.239297e-06	9.955975e+06	2.645842e+07
9.531703e-05	2.083972e-06	9.954974e+06	3.298698e+07
9.531703e-05	1.340703e-06	9.953974e+06	4.112649e+07
9.531703e-05	8.625263e-07	9.952974e+06	5.127445e+07
9.531703e-05	5.548960e-07	9.951973e+06	6.392646e+07
9.531703e-05	3.569852e-07	9.950973e+06	7.970042e+07
9.531703e-05	2.296615e-07	9.949972e+06	9.936671e+07
9.531703e-05	1.477494e-07	9.948972e+06	1.238858e+08
9.531703e-05	9.505223e-08	9.947971e+06	1.544552e+08
9.531703e-05	6.115028e-08	9.946971e+06	1.925678e+08
9.531703e-05	3.933996e-08	9.945970e+06	2.400851e+08
9.531703e-05	2.530864e-08	9.944970e+06	2.993278e+08
9.531703e-05	1.628182e-08	9.943970e+06	3.731893e+08
9.531703e-05	1.047458e-08	9.942969e+06	4.652771e+08
9.531703e-05	6.738599e-09	9.941969e+06	5.800888e+08
9.531703e-05	4.335129e-09	9.940968e+06	7.232320e+08
9.531703e-05	2.788905e-09	9.939968e+06	9.016979e+08
9.531703e-05	1.794175e-09	9.938967e+06	1.124203e+09
9.531703e-05	1.154238e-09	9.937967e+06	1.401615e+09
9.531703e-05	7.425491e-10	9.936966e+06	1.747484e+09
9.531703e-05	4.776990e-10	9.935966e+06	2.178702e+09
9.531703e-05	3.073144e-10	9.934966e+06	2.716332e+09
9.531703e-05	1.977019e-10	9.933965e+06	3.386633e+09
9.531703e-05	1.271857e-10	9.932965e+06	4.222346e+09
9.531703e-05	8.182104e-11	9.931964e+06	5.264289e+09
9.531703e-05	5.263700e-11	9.930964e+06	6.563356e+09
9.531703e-05	3.386231e-11	9.929963e+06	8.182999e+09
9.531703e-05	2.178419e-11	9.928963e+06	1.020233e+10
9.531703e-05	1.401411e-11	9.927963e+06	1.271998e+10
9.531703e-05	9.015487e-12	9.926962e+06	1.585894e+10
9.531703e-05	5.799788e-12	9.925962e+06	1.977251e+10
9.531703e-05	3.731079e-12	9.924961e+06	2.465188e+10
9.531703e-05	2.400248e-12	9.923961e+06	3.073537e+10
9.531703e-05	1.544106e-12	9.922960e+06	3.832015e+10
9.531703e-05	9.933394e-13	9.921960e+06	4.777671e+10
9.531703e-05	6.390245e-13	9.920959e+06	5.956699e+10
9.531703e-05	4.110898e-13	9.919959e+06	7.426691e+10
9.531703e-05	2.644571e-13	9.918959e+06	9.259454e+10
9.531703e-05	1.701270e-13	9.917958e+06	1.154451e+11
9.531703e-05	1.094436e-13	9.916958e+06	1.439350e+11
9.531703e-05	7.040560e-14	9.915957e+06	1.794557e+11
9.531703e-05	4.529218e-14	9.914957e+06	2.237425e+11
9.531703e-05	2.913659e-14	9.913956e+06	2.789588e+11
9.531703e-05	1.874362e-14	9.912956e+06	3.478019e+11
9.531703e-05	1.205779e-14	9.911955e+06	4.336349e+11
9.531703e-05	7.756775e-15	9.910955e+06	5.406506e+11
9.531703e-05	4.989926e-15	9.909955e+06	6.740770e+11
9.531703e-05	3.210010e-15	9.908954e+06	8.404322e+11
9.531703e-05	2.064991e-15	9.907954e+06	1.047843e+12
9.531703e-05	1.328401e-15	9.906953e+06	1.306441e+12
9.531703e-05	8.545541e-16	9.905953e+06	1.628861e+12
9.531703e-05	5.497299e-16	9.904952e+06	2.030852e+12
9.531703e-05	3.536377e-16	9.903952e+06	2.532055e+12
9.531703e-05	2.274925e-16	9.902951e+06	3.156953e+12
9.531703e-05	1.463440e-16	9.901951e+06	3.936076e+12
9.531703e-05	9.414174e-17	9.900951e+06	4.907486e+12
9.531703e-05	6.056042e-17	9.899950e+06	6.118642e+12
9.531703e-05	3.895784e-17	9.898950e+06	7.628714e+12
9.531703e-05	2.506111e-17	9.897949e+06	9.511476e+12
9.531703e-05	1.612149e-17	9.896949e+06	1.185891e+13
9.531703e-05	1.037073e-17	9.895948e+06	1.478570e+13
9.531703e-05	6.671335e-18	9.894948e+06	1.843485e+13
9.531703e-05	4.291564e-18	9.893948e+06	2.298462e+13
9.531703e-05	2.760692e-18	9.892947e+06	2.865732e+13
9.531703e-05	1.775904e-18	9.891947e+06	3.573008e+13
9.531703e-05	1.142406e-18	9.890946e+06	4.454847e+13
9.531703e-05	7.348876e-19	9.889946e+06	5.554333e+13
9.531703e-05	4.727382e-19	9.888945e+06	6.925184e+13
9.531703e-05	3.041024e-19	9.887945e+06	8.634378e+13
9.531703e-05	1.956223e-19	9.886944e+06	1.076542e+14
9.531703e-05	1.258393e-19	9.885944e+06	1.342244e+14
9.531703e-05	8.094936e-20	9.884944e+06	1.673525e+14
9.531703e-05	5.207269e-20	9.883943e+06	2.086571e+14
9.531703e-05	3.349701e-20	9.882943e+06	2.601563e+14
9.531703e-05	2.154772e-20	9.881942e+06	3.243665e+14
9.531703e-05	1.386105e-20	9.880942e+06	4.044249e+14
9.531703e-05	8.916415e-21	9.879941e+06	5.042433e+14
9.531703e-05	5.735665e-21	9.878941e+06	6.286989e+14
9.531703e-05	3.689577e-21	9.877940e+06	7.838727e+14
9.531703e-05	2.373389e-21	9.876940e+06	9.773469e+14
9.531703e-05	1.526724e-21	9.875940e+06	1.218575e+15
9.531703e-05	9.820903e-22	9.874939e+06	1.519344e+15
9.531703e-05	6.317449e-22	9.873939e+06	1.894350e+15
9.531703e-05	4.063792e-22	9.872938e+06	2.361917e+15
9.531703e-05	2.614090e-22	9.871938e+06	2.944891e+15
9.531703e-05	1.681547e-22	9.870937e+06	3.671761e+15
9.531703e-05	1.081675e-22	9.869937e+06	4.578041e+15
9.531703e-05	6.957995e-23	9.868936e+06	5.708019e+15
9.531703e-05	4.475800e-23	9.867936e+06	7.116909e+15
9.531703e-05	2.879099e-23	9.866936e+06	8.873556e+15
9.531703e-05	1.852004e-23	9.865935e+06	1.106380e+16
9.531703e-05	1.191315e-23	9.864935e+06	1.379467e+16
9.531703e-05	7.663211e-24	9.863934e+06	1.719961e+16
9.531703e-05	4.929402e-24	9.862934e+06	2.144500e+16
9.531703e-05	3.170860e-24	9.861933e+06	2.673831e+16
9.531703e-05	2.039667e-24	9.860933e+06	3.333820e+16
9.531703e-05	1.312021e-24	9.859932e+06	4.156719e+16
9.531703e-05	8.439598e-25	9.858932e+06	5.182741e+16
9.531703e-05	5.428778e-25	9.857932e+06	6.462025e+16
9.531703e-05	3.492060e-25	9.856931e+06	8.057087e+16
9.531703e-05	2.246264e-25	9.855931e+06	1.004588e+17
9.531703e-05	1.444905e-25	9.854930e+06	1.252558e+17
9.531703e-05	9.294308e-26	9.853930e+06	1.561738e+17
9.531703e-05	5.978527e-26	9.852929e+06	1.947238e+17
9.531703e-05	3.845659e-26	9.851929e+06	2.427895e+17
9.531703e-05	2.473698e-26	9.850929e+06	3.027201e+17
9.531703e-05	1.591190e-26	9.849928e+06	3.774444e+17
9.531703e-05	1.023521e-26	9.848928e+06	4.706141e+17
9.531703e-05	6.583710e-27	9.847927e+06	5.867825e+17
9.531703e-05	4.234909e-27	9.846927e+06	7.316271e+17
9.531703e-05	2.724062e-27	9.845926e+06	9.122264e+17
9.531703e-05	1.752222e-27	9.844926e+06	1.137407e+18
9.531703e-05	1.127095e-27	9.843925e+06	1.418174e+18
9.531703e-05	7.249892e-28	9.842925e+06	1.768248e+18
9.531703e-05	4.663391e-28	9.841925e+06	2.204740e+18
9.531703e-05	2.999656e-28	9.840924e+06	2.748982e+18
9.531703e-05	1.929481e-28	9.839924e+06	3.427572e+18
9.531703e-05	1.241106e-28	9.838923e+06	4.273677e+18
9.531703e-05	7.983193e-29	9.837923e+06	5.328649e+18
9.531703e-05	5.135039e-29	9.836922e+06	6.644049e+18
9.531703e-05	3.303013e-29	9.835922e+06	8.284167e+18
9.531703e-05	2.124595e-29	9.834921e+06	1.032916e+19
9.531703e-05	1.366600e-29	9.833921e+06	1.287899e+19
9.531703e-05	8.790348e-30	9.832921e+06	1.605827e+19
9.531703e-05	5.654186e-30	9.831920e+06	2.002240e+19
9.531703e-05	3.636918e-30	9.830920e+06	2.496512e+19
9.531703e-05	2.339356e-30	9.829919e+06	3.112803e+19
9.531703e-05	1.504729e-30	9.828919e+06	3.881234e+19
9.531703e-05	9.678763e-31	9.827918e+06	4.839365e+19
9.531703e-05	6.225593e-31	9.826918e+06	6.034027e+19
9.531703e-05	4.004432e-31	9.825917e+06	7.523613e+19
9.531703e-05	2.575731e-31	9.824917e+06	9.380930e+19
9.531703e-05	1.656760e-31	9.823917e+06	1.169676e+20
9.531703e-05	1.065658e-31	9.822916e+06	1.458431e+20
9.531703e-05	6.854498e-32	9.821916e+06	1.818470e+20
9.531703e-05	4.408926e-32	9.820915e+06	2.267394e+20
9.531703e-05	2.835889e-32	9.819915e+06	2.827145e+20
9.531703e-05	1.824085e-32	9.818914e+06	3.525083e+20
9.531703e-05	1.173276e-32	9.817914e+06	4.395326e+20
9.531703e-05	7.546662e-33	9.816914e+06	5.480410e+20
9.531703e-05	4.854102e-33	9.815913e+06	6.833377e+20
9.531703e-05	3.122211e-33	9.814913e+06	8.520361e+20
9.531703e-05	2.008237e-33	9.813912e+06	1.062382e+21
9.531703e-05	1.291716e-33	9.812912e+06	1.324659e+21
9.531703e-05	8.308421e-34	9.811911e+06	1.651687e+21
9.531703e-05	5.344035e-34	9.810911e+06	2.059452e+21
9.531703e-05	3.437317e-34	9.809910e+06	2.567886e+21
9.531703e-05	2.210900e-34	9.808910e+06	3.201845e+21
9.531703e-05	1.422060e-34	9.807910e+06	3.992318e+21
9.531703e-05	9.146741e-35	9.806909e+06	4.977946e+21
9.531703e-05	5.883206e-35	9.805909e+06	6.206913e+21
9.531703e-05	3.784087e-35	9.804908e+06	7.739295e+21
9.531703e-05	2.433927e-35	9.803908e+06	9.650004e+21
9.531703e-05	1.565501e-35	9.802907e+06	1.203244e+22
9.531703e-05	1.006928e-35	9.801907e+06	1.500308e+22
9.531703e-05	6.476541e-36	9.800906e+06	1.870715e+22
9.531703e-05	4.165691e-36	9.799906e+06	2.332571e+22
9.531703e-05	2.679356e-36	9.798906e+06	2.908456e+22
9.531703e-05	1.723348e-36	9.797905e+06	3.626523e+22
9.531703e-05	1.108447e-36	9.796905e+06	4.521877e+22
9.531703e-05	7.129458e-37	9.795904e+06	5.638289e+22
9.531703e-05	4.585612e-37	9.794904e+06	7.030338e+22
9.531703e-05	2.949426e-37	9.793903e+06	8.766080e+22
9.531703e-05	1.897042e-37	9.792903e+06	1.093037e+23
9.531703e-05	1.220158e-37	9.791902e+06	1.362902e+23
9.531703e-05	7.847914e-38	9.790902e+06	1.699397e+23
9.531703e-05	5.047681e-38	9.789902e+06	2.118973e+23
9.531703e-05	3.246601e-38	9.788901e+06	2.642142e+23
9.531703e-05	2.088167e-38	9.787901e+06	3.294483e+23
9.531703e-05	1.343077e-38	9.786900e+06	4.107889e+23
9.531703e-05	8.638458e-39	9.785900e+06	5.122127e+23
9.531703e-05	5.556109e-39	9.784899e+06	6.386786e+23
9.531703e-05	3.573589e-39	9.783899e+06	7.963697e+23
9.531703e-05	2.298465e-39	9.782899e+06	9.929958e+23
9.531703e-05	1.478327e-39	9.781898e+06	1.238170e+24
9.531703e-05	9.508293e-40	9.780898e+06	1.543880e+24
9.531703e-05	6.115527e-40	9.779897e+06	1.925073e+24
9.531703e-05	3.933369e-40	9.778897e+06	2.400386e+24
9.531703e-05	2.529850e-40	9.777896e+06	2.993060e+24
9.531703e-05	1.627138e-40	9.776896e+06	3.732071e+24
9.531703e-05	1.046534e-40	9.775895e+06	4.653554e+24
9.531703e-05	6.731028e-41	9.774895e+06	5.802564e+24
9.531703e-05	4.329214e-41	9.773895e+06	7.235281e+24
9.531703e-05	2.784428e-41	9.772894e+06	9.021759e+24
9.531703e-05	1.790863e-41	9.771894e+06	1.124935e+25
9.531703e-05	1.151829e-41	9.770893e+06	1.402697e+25
9.531703e-05	7.408209e-42	9.769893e+06	1.749043e+25
9.531703e-05	4.764723e-42	9.768892e+06	2.180909e+25
9.531703e-05	3.064514e-42	9.767892e+06	2.719411e+25
9.531703e-05	1.970992e-42	9.766891e+06	3.390881e+25
9.531703e-05	1.267673e-42	9.765891e+06	4.228152e+25
9.531703e-05	8.153223e-43	9.764891e+06	5.272164e+25
9.531703e-05	5.243855e-43	9.763890e+06	6.573967e+25
9.531703e-05	3.372651e-43	9.762890e+06	8.197217e+25
9.531703e-05	2.169159e-43	9.761889e+06	1.022129e+26
9.531703e-05	1.395118e-43	9.760889e+06	1.274516e+26
9.531703e-05	8.972837e-44	9.759888e+06	1.589224e+26
9.531703e-05	5.770959e-44	9.758888e+06	1.981642e+26
9.531703e-05	3.711637e-44	9.757887e+06	2.470960e+26
9.531703e-05	2.387165e-44	9.756887e+06	3.081106e+26
9.531703e-05	1.535320e-44	9.755887e+06	3.841915e+26
9.531703e-05	9.874486e-45	9.754886e+06	4.790592e+26
9.531703e-05	6.350817e-45	9.753886e+06	5.973529e+26
9.531703e-05	4.084548e-45	9.752885e+06	7.448572e+26
9.531703e-05	2.626986e-45	9.751885e+06	9.287854e+26
9.531703e-05	1.689550e-45	9.750884e+06	1.158132e+27
9.531703e-05	1.086635e-45	9.749884e+06	1.444113e+27
9.531703e-05	6.988685e-46	9.748884e+06	1.800713e+27
9.531703e-05	4.494763e-46	9.747883e+06	2.245371e+27
9.531703e-05	2.890796e-46	9.746883e+06	2.799832e+27
9.531703e-05	1.859206e-46	9.745882e+06	3.491213e+27
9.531703e-05	1.195740e-46	9.744882e+06	4.353323e+27
9.531703e-05	7.690343e-47	9.743881e+06	5.428324e+27
9.531703e-05	4.945997e-47	9.742881e+06	6.768789e+27
9.531703e-05	3.180983e-47	9.741880e+06	8.440273e+27
9.531703e-05	2.045824e-47	9.740880e+06	1.052452e+28
9.531703e-05	1.315754e-47	9.739880e+06	1.312346e+28
9.531703e-05	8.462140e-48	9.738879e+06	1.636421e+28
9.531703e-05	5.442335e-48	9.737879e+06	2.040524e+28
9.531703e-05	3.500174e-48	9.736878e+06	2.544420e+28
9.531703e-05	2.251093e-48	9.735878e+06	3.172753e+28
9.531703e-05	1.447760e-48	9.734877e+06	3.956252e+28
9.531703e-05	9.311059e-49	9.733877e+06	4.933237e+28
9.531703e-05	5.988264e-49	9.732876e+06	6.151490e+28
9.531703e-05	3.851254e-49	9.731876e+06	7.670594e+28
9.531703e-05	2.476868e-49	9.730876e+06	9.564846e+28
9.531703e-05	1.592953e-49	9.729875e+06	1.192689e+29
9.531703e-05	1.024477e-49	9.728875e+06	1.487226e+29
9.531703e-05	6.588718e-50	9.727874e+06	1.854500e+29
9.531703e-05	4.237396e-50	9.726874e+06	2.312475e+29
9.531703e-05	2.725189e-50	9.725873e+06	2.883550e+29
9.531703e-05	1.752643e-50	9.724873e+06	3.595658e+29
9.531703e-05	1.127171e-50	9.723872e+06	4.483628e+29
9.531703e-05	7.249120e-51	9.722872e+06	5.590891e+29
9.531703e-05	4.662086e-51	9.721872e+06	6.971606e+29
9.531703e-05	2.998297e-51	9.720871e+06	8.693306e+29
9.531703e-05	1.928272e-51	9.719871e+06	1.084020e+30
9.531703e-05	1.240113e-51	9.718870e+06	1.351731e+30
9.531703e-05	7.975426e-52	9.717870e+06	1.685556e+30
9.531703e-05	5.129154e-52	9.716869e+06	2.101825e+30
9.531703e-05	3.298655e-52	9.715869e+06	2.620899e+30
9.531703e-05	2.121424e-52	9.714868e+06	3.268167e+30
9.531703e-05	1.364324e-52	9.713868e+06	4.075290e+30
9.531703e-05	8.774185e-53	9.712868e+06	5.081749e+30
9.531703e-05	5.642811e-53	9.711867e+06	6.336773e+30
9.531703e-05	3.628972e-53	9.710867e+06	7.901752e+30
9.531703e-05	2.333840e-53	9.709866e+06	9.853237e+30
9.531703e-05	1.500921e-53	9.708866e+06	1.228669e+31
9.531703e-05	9.652594e-54	9.707865e+06	1.532114e+31
9.531703e-05	6.207684e-54	9.706865e+06	1.910502e+31
9.531703e-05	3.992221e-54	9.705865e+06	2.382343e+31
9.531703e-05	2.567431e-54	9.704864e+06	2.970718e+31
9.531703e-05	1.651135e-54	9.703864e+06	3.704409e+31
9.531703e-05	1.061856e-54	9.702863e+06	4.619306e+31
9.531703e-05	6.828857e-55	9.701863e+06	5.760163e+31
9.531703e-05	4.391671e-55	9.700862e+06	7.182790e+31
9.531703e-05	2.824301e-55	9.699862e+06	8.956779e+31
9.531703e-05	1.816316e-55	9.698861e+06	1.116891e+32
9.531703e-05	1.168077e-55	9.697861e+06	1.392741e+32
9.531703e-05	7.511915e-56	9.696861e+06	1.736720e+32
9.531703e-05	4.830914e-56	9.695860e+06	2.165658e+32
9.531703e-05	3.106758e-56	9.694860e+06	2.700537e+32
9.531703e-05	1.997951e-56	9.693859e+06	3.367524e+32
9.531703e-05	1.284877e-56	9.692859e+06	4.199249e+32
9.531703e-05	8.262999e-57	9.691858e+06	5.236400e+32
9.531703e-05	5.313898e-57	9.690858e+06	6.529717e+32
9.531703e-05	3.417339e-57	9.689857e+06	8.142470e+32
9.531703e-05	2.197669e-57	9.688857e+06	1.015356e+33
9.531703e-05	1.413305e-57	9.687857e+06	1.266137e+33
9.531703e-05	9.088851e-58	9.686856e+06	1.578860e+33
9.531703e-05	5.844958e-58	9.685856e+06	1.968823e+33
9.531703e-05	3.758834e-58	9.684855e+06	2.455105e+33
9.531703e-05	2.417265e-58	9.683855e+06	3.061497e+33
9.531703e-05	1.554514e-58	9.682854e+06	3.817666e+33
9.531703e-05	9.996883e-59	9.681854e+06	4.760606e+33
9.531703e-05	6.428858e-59	9.680853e+06	5.936451e+33
9.531703e-05	4.134304e-59	9.679853e+06	7.402730e+33
9.531703e-05	2.658707e-59	9.678853e+06	9.231179e+33
9.531703e-05	1.709770e-59	9.677852e+06	1.151126e+34
9.531703e-05	1.099524e-59	9.676852e+06	1.435452e+34
9.531703e-05	7.070834e-60	9.675851e+06	1.790008e+34
9.531703e-05	4.547117e-60	9.674851e+06	2.232140e+34
9.531703e-05	2.924159e-60	9.673850e+06	2.783482e+34
9.531703e-05	1.880465e-60	9.672850e+06	3.471008e+34
9.531703e-05	1.209285e-60	9.671850e+06	4.328357e+34
9.531703e-05	7.776634e-61	9.670849e+06	5.397478e+34
9.531703e-05	5.000967e-61	9.669849e+06	6.730681e+34
9.531703e-05	3.215998e-61	9.668848e+06	8.393197e+34
9.531703e-05	2.068125e-61	9.667848e+06	1.046637e+35
9.531703e-05	1.329956e-61	9.666847e+06	1.305165e+35
9.531703e-05	8.552578e-62	9.665847e+06	1.627551e+35
9.531703e-05	5.499918e-62	9.664846e+06	2.029571e+35
9.531703e-05	3.536835e-62	9.663846e+06	2.530896e+35
9.531703e-05	2.274431e-62	9.662846e+06	3.156056e+35
9.531703e-05	1.462615e-62	9.661845e+06	3.935639e+35
9.531703e-05	9.405605e-63	9.660845e+06	4.907793e+35
9.531703e-05	6.048432e-63	9.659844e+06	6.120086e+35
9.531703e-05	3.889540e-63	9.658844e+06	7.631837e+35
9.531703e-05	2.501226e-63	9.657843e+06	9.517020e+35
9.531703e-05	1.608449e-63	9.656843e+06	1.186788e+36
9.531703e-05	1.034334e-63	9.655842e+06	1.479945e+36
9.531703e-05	6.651408e-64	9.654842e+06	1.845519e+36
9.531703e-05	4.277262e-64	9.653842e+06	2.301398e+36
9.531703e-05	2.750537e-64	9.652841e+06	2.869889e+36
9.531703e-05	1.768759e-64	9.651841e+06	3.578812e+36
9.531703e-05	1.137415e-64	9.650840e+06	4.462857e+36
9.531703e-05	7.314232e-65	9.649840e+06	5.565285e+36
9.531703e-05	4.703465e-65	9.648839e+06	6.940043e+36
9.531703e-05	3.024589e-65	9.647839e+06	8.654404e+36
9.531703e-05	1.944976e-65	9.646838e+06	1.079226e+37
9.531703e-05	1.250724e-65	9.645838e+06	1.345824e+37
9.531703e-05	8.042817e-66	9.644838e+06	1.678279e+37
9.531703e-05	5.171948e-66	9.643837e+06	2.092861e+37
9.531703e-05	3.325826e-66	9.642837e+06	2.609859e+37
9.531703e-05	2.138673e-66	9.641836e+06	3.254572e+37
9.531703e-05	1.375271e-66	9.640836e+06	4.058553e+37
9.531703e-05	8.843657e-67	9.639835e+06	5.061144e+37
9.531703e-05	5.686889e-67	9.638835e+06	6.311413e+37
9.531703e-05	3.656933e-67	9.637834e+06	7.870544e+37
9.531703e-05	2.351574e-67	9.636834e+06	9.814840e+37
9.531703e-05	1.512166e-67	9.635834e+06	1.223945e+38
9.531703e-05	9.723888e-68	9.634833e+06	1.526304e+38
9.531703e-05	6.252874e-68	9.633833e+06	1.903358e+38
9.531703e-05	4.020858e-68	9.632832e+06	2.373561e+38
9.531703e-05	2.585575e-68	9.631832e+06	2.959923e+38
9.531703e-05	1.662628e-68	9.630831e+06	3.691142e+38
9.531703e-05	1.069134e-68	9.629831e+06	4.603005e+38
9.531703e-05	6.874939e-69	9.628831e+06	5.740139e+38
9.531703e-05	4.420840e-69	9.627830e+06	7.158199e+38
9.531703e-05	2.842760e-69	9.626830e+06	8.926586e+38
9.531703e-05	1.827994e-69	9.625829e+06	1.113185e+39
9.531703e-05	1.175463e-69	9.624829e+06	1.388192e+39
9.531703e-05	7.558617e-70	9.623828e+06	1.731140e+39
9.531703e-05	4.860435e-70	9.622828e+06	2.158813e+39
9.531703e-05	3.125412e-70	9.621827e+06	2.692144e+39
9.531703e-05	2.009735e-70	9.620827e+06	3.357235e+39
9.531703e-05	1.292319e-70	9.619827e+06	4.186639e+39
9.531703e-05	8.309982e-71	9.618826e+06	5.220952e+39
9.531703e-05	5.343549e-71	9.617826e+06	6.510797e+39
9.531703e-05	3.436045e-71	9.616825e+06	8.119306e+39
9.531703e-05	2.209466e-71	9.615825e+06	1.012521e+40
9.531703e-05	1.420741e-71	9.614824e+06	1.262669e+40
9.531703e-05	9.135707e-72	9.613824e+06	1.574618e+40
9.531703e-05	5.874470e-72	9.612823e+06	1.963637e+40
9.531703e-05	3.777414e-72	9.611823e+06	2.448767e+40
9.531703e-05	2.428957e-72	9.610823e+06	3.053754e+40
9.531703e-05	1.561869e-72	9.609822e+06	3.808212e+40
9.531703e-05	1.004312e-72	9.608822e+06	4.749068e+40
9.531703e-05	6.457909e-73	9.607821e+06	5.922376e+40
9.531703e-05	4.152548e-73	9.606821e+06	7.385567e+40
9.531703e-05	2.670157e-73	9.605820e+06	9.210264e+40
9.531703e-05	1.716953e-73	9.604820e+06	1.148578e+41
9.531703e-05	1.104026e-73	9.603819e+06	1.432351e+41
9.531703e-05	7.099037e-74	9.602819e+06	1.786235e+41
9.531703e-05	4.564772e-74	9.601819e+06	2.227553e+41
9.531703e-05	2.935203e-74	9.600818e+06	2.777908e+41
9.531703e-05	1.887367e-74	9.599818e+06	3.464240e+41
9.531703e-05	1.213596e-74	9.598817e+06	4.320146e+41
9.531703e-05	7.803533e-75	9.597817e+06	5.387523e+41
9.531703e-05	5.017735e-75	9.596816e+06	6.718622e+41
9.531703e-05	3.226440e-75	9.595816e+06	8.378602e+41
9.531703e-05	2.074621e-75	9.594816e+06	1.044872e+42
9.531703e-05	1.333993e-75	9.593815e+06	1.303033e+42
9.531703e-05	8.577631e-76	9.592815e+06	1.624978e+42
9.531703e-05	5.515447e-76	9.591814e+06	2.026470e+42
9.531703e-05	3.546447e-76	9.590814e+06	2.527162e+42
9.531703e-05	2.280371e-76	9.589813e+06	3.151566e+42
9.531703e-05	1.466280e-76	9.588813e+06	3.930248e+42
9.531703e-05	9.428178e-77	9.587812e+06	4.901328e+42
9.531703e-05	6.062308e-77	9.586812e+06	6.112347e+42
9.531703e-05	3.898051e-77	9.585812e+06	7.622589e+42
9.531703e-05	2.506435e-77	9.584811e+06	9.505989e+42
9.531703e-05	1.611628e-77	9.583811e+06	1.185475e+43
9.531703e-05	1.036269e-77	9.582810e+06	1.478386e+43
9.531703e-05	6.663149e-78	9.581810e+06	1.843672e+43
9.531703e-05	4.284360e-78	9.580809e+06	2.299216e+43
9.531703e-05	2.754811e-78	9.579809e+06	2.867320e+43
9.531703e-05	1.771320e-78	9.578808e+06	3.575797e+43
9.531703e-05	1.138942e-78	9.577808e+06	4.459332e+43
9.531703e-05	7.323276e-79	9.576808e+06	5.561183e+43
9.531703e-05	4.708783e-79	9.575807e+06	6.935293e+43
9.531703e-05	3.027689e-79	9.574807e+06	8.648938e+43
9.531703e-05	1.946764e-79	9.573806e+06	1.078602e+44
9.531703e-05	1.251742e-79	9.572806e+06	1.345116e+44
9.531703e-05	8.048511e-80	9.571805e+06	1.677485e+44
9.531703e-05	5.175063e-80	9.570805e+06	2.091981e+44
9.531703e-05	3.327478e-80	9.569804e+06	2.608899e+44
9.531703e-05	2.139509e-80	9.568804e+06	3.253548e+44
9.531703e-05	1.375664e-80	9.567804e+06	4.057489e+44
9.531703e-05	8.845247e-81	9.566803e+06	5.060085e+44
9.531703e-05	5.687311e-81	9.565803e+06	6.310425e+44
9.531703e-05	3.656818e-81	9.564802e+06	7.869727e+44
9.531703e-05	2.351251e-81	9.563802e+06	9.814340e+44
9.531703e-05	1.511799e-81	9.562801e+06	1.223948e+45
9.531703e-05	9.720501e-82	9.561801e+06	1.526388e+45
9.531703e-05	6.250036e-82	9.560800e+06	1.903563e+45
9.531703e-05	4.018609e-82	9.559800e+06	2.373941e+45
9.531703e-05	2.583856e-82	9.558800e+06	2.960553e+45
9.531703e-05	1.661347e-82	9.557799e+06	3.692123e+45
9.531703e-05	1.068198e-82	9.556799e+06	4.604472e+45
9.531703e-05	6.868191e-83	9.555798e+06	5.742272e+45
9.531703e-05	4.416035e-83	9.554798e+06	7.161236e+45
9.531703e-05	2.839370e-83	9.553797e+06	8.930845e+45
9.531703e-05	1.825622e-83	9.552797e+06	1.113775e+46
9.531703e-05	1.173813e-83	9.551797e+06	1.389001e+46
9.531703e-05	7.547212e-84	9.550796e+06	1.732240e+46
9.531703e-05	4.852589e-84	9.549796e+06	2.160299e+46
9.531703e-05	3.120037e-84	9.548795e+06	2.694139e+46
9.531703e-05	2.006067e-84	9.547795e+06	3.359901e+46
9.531703e-05	1.289824e-84	9.546794e+06	4.190186e+46
9.531703e-05	8.293063e-85	9.545794e+06	5.225650e+46
9.531703e-05	5.332106e-85	9.544793e+06	6.517000e+46
9.531703e-05	3.428325e-85	9.543793e+06	8.127471e+46
9.531703e-05	2.204269e-85	9.542793e+06	1.013593e+47
9.531703e-05	1.417250e-85	9.541792e+06	1.264072e+47
9.531703e-05	9.112294e-86	9.540792e+06	1.576451e+47
9.531703e-05	5.858796e-86	9.539791e+06	1.966027e+47
9.531703e-05	3.766937e-86	9.538791e+06	2.451877e+47
9.531703e-05	2.421965e-86	9.537790e+06	3.057794e+47
9.531703e-05	1.557208e-86	9.536790e+06	3.813451e+47
9.531703e-05	1.001209e-86	9.535789e+06	4.755852e+47
9.531703e-05	6.437278e-87	9.534789e+06	5.931150e+47
9.531703e-05	4.138845e-87	9.533789e+06	7.396900e+47
9.531703e-05	2.661064e-87	9.532788e+06	9.224883e+47
9.531703e-05	1.710925e-87	9.531788e+06	1.150462e+48
9.531703e-05	1.100034e-87	9.530787e+06	1.434776e+48
9.531703e-05	7.072621e-88	9.529787e+06	1.789354e+48
9.531703e-05	4.547306e-88	9.528786e+06	2.231560e+48
9.531703e-05	2.923663e-88	9.527786e+06	2.783052e+48
9.531703e-05	1.879749e-88	9.526785e+06	3.470839e+48
9.531703e-05	1.208569e-88	9.525785e+06	4.328603e+48
9.531703e-05	7.770391e-89	9.524785e+06	5.398355e+48
9.531703e-05	4.995897e-89	9.523784e+06	6.732486e+48
9.531703e-05	3.212058e-89	9.522784e+06	8.396335e+48
9.531703e-05	2.065156e-89	9.521783e+06	1.047139e+49
9.531703e-05	1.327766e-89	9.520783e+06	1.305928e+49
9.531703e-05	8.536692e-90	9.519782e+06	1.628675e+49
9.531703e-05	5.488543e-90	9.518782e+06	2.031188e+49
9.531703e-05	3.528774e-90	9.517781e+06	2.533179e+49
9.531703e-05	2.268768e-90	9.516781e+06	3.159237e+49
9.531703e-05	1.458665e-90	9.515781e+06	3.940022e+49
9.531703e-05	9.378224e-91	9.514780e+06	4.913777e+49
9.531703e-05	6.029550e-91	9.513780e+06	6.128195e+49
9.531703e-05	3.876579e-91	9.512779e+06	7.642757e+49
9.531703e-05	2.492365e-91	9.511779e+06	9.531644e+49
9.531703e-05	1.602412e-91	9.510778e+06	1.188737e+50
9.531703e-05	1.030234e-91	9.509778e+06	1.482533e+50
9.531703e-05	6.623646e-92	9.508778e+06	1.848941e+50
9.531703e-05	4.258510e-92	9.507777e+06	2.305908e+50
9.531703e-05	2.737900e-92	9.506777e+06	2.875817e+50
9.531703e-05	1.760260e-92	9.505776e+06	3.586583e+50
9.531703e-05	1.131711e-92	9.504776e+06	4.473021e+50
9.531703e-05	7.276014e-93	9.503775e+06	5.578548e+50
9.531703e-05	4.677900e-93	9.502775e+06	6.957317e+50
9.531703e-05	3.007514e-93	9.501774e+06	8.676861e+50
9.531703e-05	1.933588e-93	9.500774e+06	1.082141e+51
9.531703e-05	1.243138e-93	9.499774e+06	1.349601e+51
9.531703e-05	7.992346e-94	9.498773e+06	1.683167e+51
9.531703e-05	5.138407e-94	9.497773e+06	2.099179e+51
9.531703e-05	3.303560e-94	9.496772e+06	2.618014e+51
9.531703e-05	2.123905e-94	9.495772e+06	3.265086e+51
9.531703e-05	1.365487e-94	9.494771e+06	4.072094e+51
9.531703e-05	8.778884e-95	9.493771e+06	5.078567e+51
9.531703e-05	5.644044e-95	9.492770e+06	6.333808e+51
9.531703e-05	3.628615e-95	9.491770e+06	7.899306e+51
9.531703e-05	2.332871e-95	9.490770e+06	9.851749e+51
9.531703e-05	1.499823e-95	9.489769e+06	1.228678e+52
9.531703e-05	9.642476e-96	9.488769e+06	1.532368e+52
9.531703e-05	6.199213e-96	9.487768e+06	1.911121e+52
9.531703e-05	3.985510e-96	9.486768e+06	2.383493e+52
9.531703e-05	2.562304e-96	9.485767e+06	2.972623e+52
9.531703e-05	1.647315e-96	9.484767e+06	3.707371e+52
9.531703e-05	1.059064e-96	9.483766e+06	4.623732e+52
9.531703e-05	6.808744e-97	9.482766e+06	5.766596e+52
9.531703e-05	4.377349e-97	9.481766e+06	7.191951e+52
9.531703e-05	2.814199e-97	9.480765e+06	8.969623e+52
9.531703e-05	1.809246e-97	9.479765e+06	1.118670e+53
9.531703e-05	1.163162e-97	9.478764e+06	1.395180e+53
9.531703e-05	7.477935e-98	9.477764e+06	1.740037e+53
9.531703e-05	4.807538e-98	9.476763e+06	2.170138e+53
9.531703e-05	3.090745e-98	9.475763e+06	2.706552e+53
9.531703e-05	1.987023e-98	9.474762e+06	3.375560e+53
9.531703e-05	1.277445e-98	9.473762e+06	4.209936e+53
9.531703e-05	8.212601e-99	9.472762e+06	5.250559e+53
9.531703e-05	5.279814e-99	9.471761e+06	6.548410e+53
9.531703e-05	3.394344e-99	9.470761e+06	8.167074e+53
9.531703e-05	2.182190e-99	9.469760e+06	1.018585e+54
9.531703e-05	1.402906e-99	9.468760e+06	1.270366e+54
9.531703e-05	9.019116e-100	9.467759e+06	1.584384e+54
9.531703e-05	5.798274e-100	9.466759e+06	1.976024e+54
9.531703e-05	3.727631e-100	9.465759e+06	2.464475e+54
9.531703e-05	2.396439e-100	9.464758e+06	3.073668e+54
9.531703e-05	1.540633e-100	9.463758e+06	3.833450e+54
9.531703e-05	9.904477e-101	9.462757e+06	4.781047e+54
9.531703e-05	6.367415e-101	9.461757e+06	5.962886e+54
9.531703e-05	4.093494e-101	9.460756e+06	7.436871e+54
9.531703e-05	2.631628e-101	9.459756e+06	9.275223e+54
9.531703e-05	1.691820e-101	9.458755e+06	1.156801e+55
9.531703e-05	1.087636e-101	9.457755e+06	1.442758e+55
9.531703e-05	6.992168e-102	9.456755e+06	1.799404e+55
9.531703e-05	4.495104e-102	9.455754e+06	2.244212e+55
9.531703e-05	2.889794e-102	9.454754e+06	2.798979e+55
9.531703e-05	1.857777e-102	9.453753e+06	3.490886e+55
9.531703e-05	1.194317e-102	9.452753e+06	4.353834e+55
9.531703e-05	7.677942e-103	9.451752e+06	5.430109e+55
9.531703e-05	4.935936e-103	9.450752e+06	6.772445e+55
9.531703e-05	3.173172e-103	9.449751e+06	8.446615e+55
9.531703e-05	2.039939e-103	9.448751e+06	1.053465e+56
9.531703e-05	1.311414e-103	9.447751e+06	1.313887e+56
9.531703e-05	8.430670e-104	9.446750e+06	1.638688e+56
9.531703e-05	5.419805e-104	9.445750e+06	2.043783e+56
9.531703e-05	3.484212e-104	9.444749e+06	2.549023e+56
9.531703e-05	2.239881e-104	9.443749e+06	3.179163e+56
9.531703e-05	1.439941e-104	9.442748e+06	3.965083e+56
9.531703e-05	9.256858e-105	9.441748e+06	4.945293e+56
9.531703e-05	5.950892e-105	9.440747e+06	6.167826e+56
9.531703e-05	3.825602e-105	9.439747e+06	7.692588e+56
9.531703e-05	2.459331e-105	9.438747e+06	9.594298e+56
9.531703e-05	1.581006e-105	9.437746e+06	1.196614e+57
9.531703e-05	1.016364e-105	9.436746e+06	1.492435e+57
9.531703e-05	6.533783e-106	9.435745e+06	1.861389e+57
9.531703e-05	4.200291e-106	9.434745e+06	2.321556e+57
9.531703e-05	2.700184e-106	9.433744e+06	2.895486e+57
9.531703e-05	1.735828e-106	9.432744e+06	3.611304e+57
9.531703e-05	1.115885e-106	9.431743e+06	4.504089e+57
9.531703e-05	7.173509e-107	9.430743e+06	5.617592e+57
9.531703e-05	4.611510e-107	9.429743e+06	7.006381e+57
9.531703e-05	2.964517e-107	9.428742e+06	8.738514e+57
9.531703e-05	1.905743e-107	9.427742e+06	1.089888e+58
9.531703e-05	1.225107e-107	9.426741e+06	1.359334e+58
9.531703e-05	7.875586e-108	9.425741e+06	1.695395e+58
9.531703e-05	5.062805e-108	9.424740e+06	2.114541e+58
9.531703e-05	3.254610e-108	9.423740e+06	2.637312e+58
9.531703e-05	2.092214e-108	9.422740e+06	3.289329e+58
9.531703e-05	1.344970e-108	9.421739e+06	4.102545e+58
9.531703e-05	8.646062e-109	9.420739e+06	5.116815e+58
9.531703e-05	5.558064e-109	9.419738e+06	6.381847e+58
9.531703e-05	3.572960e-109	9.418738e+06	7.959639e+58
9.531703e-05	2.296847e-109	9.417737e+06	9.927519e+58
9.531703e-05	1.476507e-109	9.416737e+06	1.238193e+59
9.531703e-05	9.491571e-110	9.415736e+06	1.544316e+59
9.531703e-05	6.101550e-110	9.414736e+06	1.926125e+59
9.531703e-05	3.922307e-110	9.413736e+06	2.402332e+59
9.531703e-05	2.521404e-110	9.412735e+06	2.996277e+59
9.531703e-05	1.620849e-110	9.411735e+06	3.737070e+59
9.531703e-05	1.041939e-110	9.410734e+06	4.661017e+59
9.531703e-05	6.697937e-111	9.409734e+06	5.813404e+59
9.531703e-05	4.305656e-111	9.408733e+06	7.250712e+59
9.531703e-05	2.767815e-111	9.407733e+06	9.043387e+59
9.531703e-05	1.779238e-111	9.406732e+06	1.127929e+60
9.531703e-05	1.143748e-111	9.405732e+06	1.406802e+60
9.531703e-05	7.352351e-112	9.404732e+06	1.754625e+60
9.531703e-05	4.726301e-112	9.403731e+06	2.188447e+60
9.531703e-05	3.038197e-112	9.402731e+06	2.729532e+60
9.531703e-05	1.953034e-112	9.401730e+06	3.404399e+60
9.531703e-05	1.255461e-112	9.400730e+06	4.246128e+60
9.531703e-05	8.070412e-113	9.399729e+06	5.295977e+60
9.531703e-05	5.187853e-113	9.398729e+06	6.605404e+60
9.531703e-05	3.334871e-113	9.397728e+06	8.238592e+60
9.531703e-05	2.143729e-113	9.396728e+06	1.027559e+61
9.531703e-05	1.378034e-113	9.395728e+06	1.281625e+61
9.531703e-05	8.858280e-114	9.394727e+06	1.598511e+61
9.531703e-05	5.694273e-114	9.393727e+06	1.993749e+61
9.531703e-05	3.660383e-114	9.392726e+06	2.486713e+61
9.531703e-05	2.352958e-114	9.391726e+06	3.101567e+61
9.531703e-05	1.512520e-114	9.390725e+06	3.868450e+61
9.531703e-05	9.722712e-115	9.389725e+06	4.824953e+61
9.531703e-05	6.249901e-115	9.388724e+06	6.017964e+61
9.531703e-05	4.017521e-115	9.387724e+06	7.505961e+61
9.531703e-05	2.582514e-115	9.386724e+06	9.361887e+61
9.531703e-05	1.660070e-115	9.385723e+06	1.167672e+62
9.531703e-05	1.067111e-115	9.384723e+06	1.456393e+62
9.531703e-05	6.859496e-116	9.383722e+06	1.816504e+62
9.531703e-05	4.409346e-116	9.382722e+06	2.265660e+62
9.531703e-05	2.834363e-116	9.381721e+06	2.825878e+62
9.531703e-05	1.821949e-116	9.380721e+06	3.524620e+62
9.531703e-05	1.171160e-116	9.379721e+06	4.396141e+62
9.531703e-05	7.528277e-117	9.378720e+06	5.483163e+62
9.531703e-05	4.839209e-117	9.377720e+06	6.838976e+62
9.531703e-05	3.110660e-117	9.376719e+06	8.530044e+62
9.531703e-05	1.999540e-117	9.375719e+06	1.063927e+63
9.531703e-05	1.285307e-117	9.374718e+06	1.327005e+63
9.531703e-05	8.261964e-118	9.373718e+06	1.655136e+63
9.531703e-05	5.310787e-118	9.372717e+06	2.064407e+63
9.531703e-05	3.413767e-118	9.371717e+06	2.574880e+63
9.531703e-05	2.194362e-118	9.370717e+06	3.211583e+63
9.531703e-05	1.410529e-118	9.369716e+06	4.005729e+63
9.531703e-05	9.066824e-119	9.368716e+06	4.996251e+63
9.531703e-05	5.828109e-119	9.367715e+06	6.231711e+63
9.531703e-05	3.746274e-119	9.366715e+06	7.772678e+63
9.531703e-05	2.408079e-119	9.365714e+06	9.694699e+63
9.531703e-05	1.547895e-119	9.364714e+06	1.209201e+64
9.531703e-05	9.949732e-120	9.363713e+06	1.508213e+64
9.531703e-05	6.395592e-120	9.362713e+06	1.881167e+64
9.531703e-05	4.111019e-120	9.361713e+06	2.346347e+64
9.531703e-05	2.642516e-120	9.360712e+06	2.926560e+64
9.531703e-05	1.698576e-120	9.359712e+06	3.650253e+64
9.531703e-05	1.091822e-120	9.358711e+06	4.552908e+64
9.531703e-05	7.018076e-121	9.357711e+06	5.678780e+64
9.531703e-05	4.511112e-121	9.356710e+06	7.083070e+64
9.531703e-05	2.899670e-121	9.355710e+06	8.834629e+64
9.531703e-05	1.863858e-121	9.354709e+06	1.101934e+65
9.531703e-05	1.198055e-121	9.353709e+06	1.374431e+65
9.531703e-05	7.700868e-122	9.352709e+06	1.714315e+65
9.531703e-05	4.949965e-122	9.351708e+06	2.138251e+65
9.531703e-05	3.181734e-122	9.350708e+06	2.667025e+65
9.531703e-05	2.045150e-122	9.349707e+06	3.326564e+65
9.531703e-05	1.314576e-122	9.348707e+06	4.149205e+65
9.531703e-05	8.449782e-123	9.347706e+06	5.175284e+65
9.531703e-05	5.431313e-123	9.346706e+06	6.455113e+65
9.531703e-05	3.491109e-123	9.345705e+06	8.051444e+65
9.531703e-05	2.243993e-123	9.344705e+06	1.004255e+66
9.531703e-05	1.442377e-123	9.343705e+06	1.252606e+66
9.531703e-05	9.271194e-124	9.342704e+06	1.562376e+66
9.531703e-05	5.959253e-124	9.341704e+06	1.948753e+66
9.531703e-05	3.830428e-124	9.340703e+06	2.430683e+66
9.531703e-05	2.462080e-124	9.339703e+06	3.031797e+66
9.531703e-05	1.582546e-124	9.338702e+06	3.781572e+66
9.531703e-05	1.017209e-124	9.337702e+06	4.716771e+66
9.531703e-05	6.538273e-125	9.336701e+06	5.883254e+66
9.531703e-05	4.202574e-125	9.335701e+06	7.338220e+66
9.531703e-05	2.701265e-125	9.334701e+06	9.153014e+66
9.531703e-05	1.736274e-125	9.333700e+06	1.141663e+67
9.531703e-05	1.116012e-125	9.332700e+06	1.424006e+67
9.531703e-05	7.173293e-126	9.331699e+06	1.776177e+67
9.531703e-05	4.610710e-126	9.330699e+06	2.215445e+67
9.531703e-05	2.963578e-126	9.329698e+06	2.763350e+67
9.531703e-05	1.904865e-126	9.328698e+06	3.446762e+67
9.531703e-05	1.224367e-126	9.327698e+06	4.299192e+67
9.531703e-05	7.869703e-127	9.326697e+06	5.362445e+67
9.531703e-05	5.058298e-127	9.325697e+06	6.688659e+67
9.531703e-05	3.251246e-127	9.324696e+06	8.342873e+67
9.531703e-05	2.089752e-127	9.323696e+06	1.040621e+68
9.531703e-05	1.343194e-127	9.322695e+06	1.297985e+68
9.531703e-05	8.633410e-128	9.321695e+06	1.619001e+68
9.531703e-05	5.549135e-128	9.320694e+06	2.019413e+68
9.531703e-05	3.566708e-128	9.319694e+06	2.518855e+68
9.531703e-05	2.292500e-128	9.318694e+06	3.141823e+68
9.531703e-05	1.473500e-128	9.317693e+06	3.918866e+68
9.531703e-05	9.470888e-129	9.316693e+06	4.888094e+68
9.531703e-05	6.087381e-129	9.315692e+06	6.097038e+68
9.531703e-05	3.912637e-129	9.314692e+06	7.604990e+68
9.531703e-05	2.514827e-129	9.313691e+06	9.485903e+68
9.531703e-05	1.616389e-129	9.312691e+06	1.183202e+69
9.531703e-05	1.038923e-129	9.311690e+06	1.475841e+69
9.531703e-05	6.677592e-130	9.310690e+06	1.840860e+69
9.531703e-05	4.291962e-130	9.309690e+06	2.296159e+69
9.531703e-05	2.758616e-130	9.308689e+06	2.864069e+69
9.531703e-05	1.773070e-130	9.307689e+06	3.572444e+69
9.531703e-05	1.139620e-130	9.306688e+06	4.456026e+69
9.531703e-05	7.324763e-131	9.305688e+06	5.558150e+69
9.531703e-05	4.707891e-131	9.304687e+06	6.932871e+69
9.531703e-05	3.025928e-131	9.303687e+06	8.647614e+69
9.531703e-05	1.944868e-131	9.302686e+06	1.078648e+70
9.531703e-05	1.250032e-131	9.301686e+06	1.345438e+70
9.531703e-05	8.034365e-132	9.300686e+06	1.678215e+70
9.531703e-05	5.163941e-132	9.299685e+06	2.093303e+70
9.531703e-05	3.319023e-132	9.298685e+06	2.611060e+70
9.531703e-05	2.133235e-132	9.297684e+06	3.256882e+70
9.531703e-05	1.371092e-132	9.296684e+06	4.062444e+70
9.531703e-05	8.812391e-133	9.295683e+06	5.067258e+70
9.531703e-05	5.663962e-133	9.294683e+06	6.320611e+70
9.531703e-05	3.640376e-133	9.293682e+06	7.883978e+70
9.531703e-05	2.339761e-133	9.292682e+06	9.834041e+70
9.531703e-05	1.503821e-133	9.291682e+06	1.226645e+71
9.531703e-05	9.665409e-134	9.290681e+06	1.530052e+71
9.531703e-05	6.212174e-134	9.289681e+06	1.908507e+71
9.531703e-05	3.992698e-134	9.288680e+06	2.380574e+71
9.531703e-05	2.566189e-134	9.287680e+06	2.969408e+71
9.531703e-05	1.649340e-134	9.286679e+06	3.703893e+71
9.531703e-05	1.060061e-134	9.285679e+06	4.620057e+71
9.531703e-05	6.813202e-135	9.284679e+06	5.762839e+71
9.531703e-05	4.378959e-135	9.283678e+06	7.188296e+71
9.531703e-05	2.814426e-135	9.282678e+06	8.966351e+71
9.531703e-05	1.808874e-135	9.281677e+06	1.118422e+72
9.531703e-05	1.162588e-135	9.280677e+06	1.395071e+72
9.531703e-05	7.472107e-136	9.279676e+06	1.740151e+72
9.531703e-05	4.802414e-136	9.278676e+06	2.170591e+72
9.531703e-05	3.086565e-136	9.277675e+06	2.707506e+72
9.531703e-05	1.983767e-136	9.276675e+06	3.377233e+72
9.531703e-05	1.274985e-136	9.275675e+06	4.212628e+72
9.531703e-05	8.194439e-137	9.274674e+06	5.254669e+72
9.531703e-05	5.266627e-137	9.273674e+06	6.554476e+72
9.531703e-05	3.384895e-137	9.272673e+06	8.175813e+72
9.531703e-05	2.175491e-137	9.271673e+06	1.019822e+73
9.531703e-05	1.398198e-137	9.270672e+06	1.272090e+73
9.531703e-05	8.986273e-138	9.269672e+06	1.586761e+73
9.531703e-05	5.775502e-138	9.268671e+06	1.979274e+73
9.531703e-05	3.711926e-138	9.267671e+06	2.468882e+73
9.531703e-05	2.385658e-138	9.266671e+06	3.079606e+73
9.531703e-05	1.533263e-138	9.265670e+06	3.841407e+73
9.531703e-05	9.854265e-139	9.264670e+06	4.791657e+73
9.531703e-05	6.333317e-139	9.263669e+06	5.976976e+73
9.531703e-05	4.070405e-139	9.262669e+06	7.455514e+73
9.531703e-05	2.616034e-139	9.261668e+06	9.299808e+73
9.531703e-05	1.681313e-139	9.260668e+06	1.160034e+74
9.531703e-05	1.080571e-139	9.259667e+06	1.446997e+74
9.531703e-05	6.944756e-140	9.258667e+06	1.804950e+74
9.531703e-05	4.463343e-140	9.257667e+06	2.251452e+74
9.531703e-05	2.868553e-140	9.256666e+06	2.808411e+74
9.531703e-05	1.843592e-140	9.255666e+06	3.503152e+74
9.531703e-05	1.184858e-140	9.254665e+06	4.369760e+74
9.531703e-05	7.614949e-141	9.253665e+06	5.450753e+74
9.531703e-05	4.894036e-141	9.252664e+06	6.799168e+74
9.531703e-05	3.145333e-141	9.251664e+06	8.481161e+74
9.531703e-05	2.021461e-141	9.250663e+06	1.057926e+75
9.531703e-05	1.299163e-141	9.249663e+06	1.319640e+75
9.531703e-05	8.349516e-142	9.248663e+06	1.646099e+75
9.531703e-05	5.366094e-142	9.247662e+06	2.053320e+75
9.531703e-05	3.448693e-142	9.246662e+06	2.561284e+75
9.531703e-05	2.216411e-142	9.245661e+06	3.194914e+75
9.531703e-05	1.424444e-142	9.244661e+06	3.985299e+75
9.531703e-05	9.154609e-143	9.243660e+06	4.971220e+75
9.531703e-05	5.883471e-143	9.242660e+06	6.201052e+75
9.531703e-05	3.781175e-143	9.241659e+06	7.735138e+75
9.531703e-05	2.430073e-143	9.240659e+06	9.648751e+75
9.531703e-05	1.561749e-143	9.239659e+06	1.203578e+76
9.531703e-05	1.003697e-143	9.238658e+06	1.501337e+76
9.531703e-05	6.450498e-144	9.237658e+06	1.872760e+76
9.531703e-05	4.145561e-144	9.236657e+06	2.336072e+76
9.531703e-05	2.664236e-144	9.235657e+06	2.914009e+76
9.531703e-05	1.712227e-144	9.234656e+06	3.634928e+76
9.531703e-05	1.100398e-144	9.233656e+06	4.534203e+76
9.531703e-05	7.071917e-145	9.232656e+06	5.655962e+76
9.531703e-05	4.544897e-145	9.231655e+06	7.055249e+76
9.531703e-05	2.920857e-145	9.230655e+06	8.800726e+76
9.531703e-05	1.877137e-145	9.229654e+06	1.097804e+77
9.531703e-05	1.206371e-145	9.228654e+06	1.369405e+77
9.531703e-05	7.752919e-146	9.227653e+06	1.708201e+77
9.531703e-05	4.982520e-146	9.226653e+06	2.130818e+77
9.531703e-05	3.202080e-146	9.225652e+06	2.657994e+77
9.531703e-05	2.057854e-146	9.224652e+06	3.315600e+77
9.531703e-05	1.322502e-146	9.223652e+06	4.135904e+77
9.531703e-05	8.499193e-147	9.222651e+06	5.159161e+77
9.531703e-05	5.462083e-147	9.221651e+06	6.435586e+77
9.531703e-05	3.510251e-147	9.220650e+06	8.027816e+77
9.531703e-05	2.255888e-147	9.219650e+06	1.001399e+78
9.531703e-05	1.449760e-147	9.218649e+06	1.249157e+78
9.531703e-05	9.316962e-148	9.217649e+06	1.558214e+78
9.531703e-05	5.987586e-148	9.216648e+06	1.943738e+78
9.531703e-05	3.847942e-148	9.215648e+06	2.424648e+78
9.531703e-05	2.472890e-148	9.214648e+06	3.024544e+78
9.531703e-05	1.589206e-148	9.213647e+06	3.772866e+78
9.531703e-05	1.021304e-148	9.212647e+06	4.706339e+78
9.531703e-05	6.563410e-149	9.211646e+06	5.870774e+78
9.531703e-05	4.217967e-149	9.210646e+06	7.323317e+78
9.531703e-05	2.710667e-149	9.209645e+06	9.135253e+78
9.531703e-05	1.742002e-149	9.208645e+06	1.139551e+79
9.531703e-05	1.119490e-149	9.207644e+06	1.421501e+79
9.531703e-05	7.194349e-150	9.206644e+06	1.773213e+79
9.531703e-05	4.623406e-150	9.205644e+06	2.211948e+79
9.531703e-05	2.971200e-150	9.204643e+06	2.759238e+79
9.531703e-05	1.909419e-150	9.203643e+06	3.441944e+79
9.531703e-05	1.227071e-150	9.202642e+06	4.293573e+79
9.531703e-05	7.885655e-151	9.201642e+06	5.355920e+79
9.531703e-05	5.067633e-151	9.200641e+06	6.681127e+79
9.531703e-05	3.256656e-151	9.199641e+06	8.334233e+79
9.531703e-05	2.092849e-151	9.198640e+06	1.039637e+80
9.531703e-05	1.344942e-151	9.197640e+06	1.296876e+80
9.531703e-05	8.643076e-152	9.196640e+06	1.617764e+80
9.531703e-05	5.554341e-152	9.195639e+06	2.018053e+80
9.531703e-05	3.569407e-152	9.194639e+06	2.517387e+80
9.531703e-05	2.293819e-152	9.193638e+06	3.140276e+80
9.531703e-05	1.474081e-152	9.192638e+06	3.917292e+80
9.531703e-05	9.472903e-153	9.191637e+06	4.886572e+80
9.531703e-05	6.087572e-153	9.190637e+06	6.095693e+80
9.531703e-05	3.912052e-153	9.189636e+06	7.604001e+80
9.531703e-05	2.513995e-153	9.188636e+06	9.485529e+80
9.531703e-05	1.615562e-153	9.187636e+06	1.183263e+81
9.531703e-05	1.038203e-153	9.186635e+06	1.476051e+81
9.531703e-05	6.671754e-154	9.185635e+06	1.841287e+81
9.531703e-05	4.287432e-154	9.184634e+06	2.296901e+81
9.531703e-05	2.755205e-154	9.183634e+06	2.865254e+81
9.531703e-05	1.770557e-154	9.182633e+06	3.574246e+81
9.531703e-05	1.137799e-154	9.181633e+06	4.458678e+81
9.531703e-05	7.311730e-155	9.180633e+06	5.561961e+81
9.531703e-05	4.698663e-155	9.179632e+06	6.938254e+81
9.531703e-05	3.019449e-155	9.178632e+06	8.655113e+81
9.531703e-05	1.940353e-155	9.177631e+06	1.079681e+82
9.531703e-05	1.246904e-155	9.176631e+06	1.346848e+82
9.531703e-05	8.012804e-156	9.175630e+06	1.680127e+82
9.531703e-05	5.149149e-156	9.174630e+06	2.095878e+82
9.531703e-05	3.308917e-156	9.173629e+06	2.614509e+82
9.531703e-05	2.126354e-156	9.172629e+06	3.261479e+82
9.531703e-05	1.366421e-156	9.171629e+06	4.068547e+82
9.531703e-05	8.780781e-157	9.170628e+06	5.075331e+82
9.531703e-05	5.642622e-157	9.169628e+06	6.331254e+82
9.531703e-05	3.626003e-157	9.168627e+06	7.897969e+82
9.531703e-05	2.330101e-157	9.167627e+06	9.852386e+82
9.531703e-05	1.497341e-157	9.166626e+06	1.229045e+83
9.531703e-05	9.622014e-158	9.165626e+06	1.533184e+83
9.531703e-05	6.183163e-158	9.164625e+06	1.912587e+83
9.531703e-05	3.973331e-158	9.163625e+06	2.385880e+83
9.531703e-05	2.553278e-158	9.162625e+06	2.976296e+83
9.531703e-05	1.640744e-158	9.161624e+06	3.712821e+83
9.531703e-05	1.054346e-158	9.160624e+06	4.631613e+83
9.531703e-05	6.775239e-159	9.159623e+06	5.777777e+83
9.531703e-05	4.353771e-159	9.158623e+06	7.207582e+83
9.531703e-05	2.797730e-159	9.157622e+06	8.991223e+83
9.531703e-05	1.797817e-159	9.156622e+06	1.121626e+84
9.531703e-05	1.155273e-159	9.155621e+06	1.399194e+84
9.531703e-05	7.423742e-160	9.154621e+06	1.745453e+84
9.531703e-05	4.770464e-160	9.153621e+06	2.177401e+84
9.531703e-05	3.065475e-160	9.152620e+06	2.716247e+84
9.531703e-05	1.969855e-160	9.151620e+06	3.388444e+84
9.531703e-05	1.265815e-160	9.150619e+06	4.226994e+84
9.531703e-05	8.134022e-161	9.149619e+06	5.273067e+84
9.531703e-05	5.226849e-161	9.148618e+06	6.578021e+84
9.531703e-05	3.358721e-161	9.147618e+06	8.205926e+84
9.531703e-05	2.158277e-161	9.146617e+06	1.023671e+85
9.531703e-05	1.386883e-161	9.145617e+06	1.277007e+85
9.531703e-05	8.911936e-162	9.144617e+06	1.593039e+85
9.531703e-05	5.726688e-162	9.143616e+06	1.987284e+85
9.531703e-05	3.679886e-162	9.142616e+06	2.479099e+85
9.531703e-05	2.364637e-162	9.141615e+06	3.092630e+85
9.531703e-05	1.519477e-162	9.140615e+06	3.858003e+85
9.531703e-05	9.763893e-163	9.139614e+06	4.812795e+85
9.531703e-05	6.274098e-163	9.138614e+06	6.003886e+85
9.531703e-05	4.031614e-163	9.137613e+06	7.489760e+85
9.531703e-05	2.590634e-163	9.136613e+06	9.343373e+85
9.531703e-05	1.664686e-163	9.135613e+06	1.165574e+86
9.531703e-05	1.069691e-163	9.134612e+06	1.454039e+86
9.531703e-05	6.873586e-164	9.133612e+06	1.813898e+86
9.531703e-05	4.416802e-164	9.132611e+06	2.262819e+86
9.531703e-05	2.838127e-164	9.131611e+06	2.822846e+86
9.531703e-05	1.823707e-164	9.130610e+06	3.521477e+86
9.531703e-05	1.171865e-164	9.129610e+06	4.393017e+86
9.531703e-05	7.530081e-165	9.128610e+06	5.480260e+86
9.531703e-05	4.838615e-165	9.127609e+06	6.836594e+86
9.531703e-05	3.109151e-165	9.126609e+06	8.528619e+86
9.531703e-05	1.997845e-165	9.125608e+06	1.063942e+87
9.531703e-05	1.283753e-165	9.124608e+06	1.327264e+87
9.531703e-05	8.248979e-166	9.123607e+06	1.655760e+87
9.531703e-05	5.300519e-166	9.122607e+06	2.065559e+87
9.531703e-05	3.405932e-166	9.121606e+06	2.576784e+87
9.531703e-05	2.188532e-166	9.120606e+06	3.214540e+87
9.531703e-05	1.406272e-166	9.119606e+06	4.010144e+87
9.531703e-05	9.036183e-167	9.118605e+06	5.002665e+87
9.531703e-05	5.806308e-167	9.117605e+06	6.240841e+87
9.531703e-05	3.730908e-167	9.116604e+06	7.785477e+87
9.531703e-05	2.397333e-167	9.115604e+06	9.712423e+87
9.531703e-05	1.540428e-167	9.114603e+06	1.211631e+88
9.531703e-05	9.898150e-168	9.113603e+06	1.511518e+88
9.531703e-05	6.360129e-168	9.112602e+06	1.885631e+88
9.531703e-05	4.086742e-168	9.111602e+06	2.352341e+88
9.531703e-05	2.625959e-168	9.110602e+06	2.934568e+88
9.531703e-05	1.687322e-168	9.109601e+06	3.660905e+88
9.531703e-05	1.084195e-168	9.108601e+06	4.567022e+88
9.531703e-05	6.966523e-169	9.107600e+06	5.697417e+88
9.531703e-05	4.476352e-169	9.106600e+06	7.107604e+88
9.531703e-05	2.876284e-169	9.105599e+06	8.866838e+88
9.531703e-05	1.848156e-169	9.104599e+06	1.106151e+89
9.531703e-05	1.187531e-169	9.103598e+06	1.379942e+89
9.531703e-05	7.630455e-170	9.102598e+06	1.721501e+89
9.531703e-05	4.902927e-170	9.101598e+06	2.147603e+89
9.531703e-05	3.150357e-170	9.100597e+06	2.679176e+89
9.531703e-05	2.024247e-170	9.099597e+06	3.342324e+89
9.531703e-05	1.300668e-170	9.098596e+06	4.169619e+89
9.531703e-05	8.357359e-171	9.097596e+06	5.201689e+89
9.531703e-05	5.369958e-171	9.096595e+06	6.489224e+89
9.531703e-05	3.450421e-171	9.095595e+06	8.095458e+89
9.531703e-05	2.217036e-171	9.094594e+06	1.009928e+90
9.531703e-05	1.424533e-171	9.093594e+06	1.259911e+90
9.531703e-05	9.153178e-172	9.092594e+06	1.571771e+90
9.531703e-05	5.881263e-172	9.091593e+06	1.960827e+90
9.531703e-05	3.778928e-172	9.090593e+06	2.446187e+90
9.531703e-05	2.428097e-172	9.089592e+06	3.051688e+90
9.531703e-05	1.560137e-172	9.088592e+06	3.807072e+90
9.531703e-05	1.002441e-172	9.087591e+06	4.749439e+90
9.531703e-05	6.441018e-173	9.086591e+06	5.925074e+90
9.531703e-05	4.138562e-173	9.085590e+06	7.391722e+90
9.531703e-05	2.659155e-173	9.084590e+06	9.221420e+90
9.531703e-05	1.708588e-173	9.083590e+06	1.150404e+91
9.531703e-05	1.097818e-173	9.082589e+06	1.435169e+91
9.531703e-05	7.053793e-174	9.081589e+06	1.790425e+91
9.531703e-05	4.532256e-174	9.080588e+06	2.233621e+91
9.531703e-05	2.912095e-174	9.079588e+06	2.786527e+91
9.531703e-05	1.871096e-174	9.078587e+06	3.476301e+91
9.531703e-05	1.202225e-174	9.077587e+06	4.336823e+91
9.531703e-05	7.724585e-175	9.076587e+06	5.410363e+91
9.531703e-05	4.963223e-175	9.075586e+06	6.749652e+91
9.531703e-05	3.188979e-175	9.074586e+06	8.420477e+91
9.531703e-05	2.048986e-175	9.073585e+06	1.050491e+92
9.531703e-05	1.316515e-175	9.072585e+06	1.310534e+92
9.531703e-05	8.458860e-176	9.071584e+06	1.634950e+92
9.531703e-05	5.434971e-176	9.070584e+06	2.039675e+92
9.531703e-05	3.492063e-176	9.069583e+06	2.544591e+92
9.531703e-05	2.243708e-176	9.068583e+06	3.174499e+92
9.531703e-05	1.441617e-176	9.067583e+06	3.960342e+92
9.531703e-05	9.262596e-177	9.066582e+06	4.940723e+92
9.531703e-05	5.951343e-177	9.065582e+06	6.163801e+92
9.531703e-05	3.823813e-177	9.064581e+06	7.689659e+92
9.531703e-05	2.456845e-177	9.063581e+06	9.593252e+92
9.531703e-05	1.578549e-177	9.062580e+06	1.196809e+93
9.531703e-05	1.014233e-177	9.061580e+06	1.493084e+93
9.531703e-05	6.516539e-178	9.060579e+06	1.862705e+93
9.531703e-05	4.186928e-178	9.059579e+06	2.323829e+93
9.531703e-05	2.690131e-178	9.058579e+06	2.899108e+93
9.531703e-05	1.728425e-178	9.057578e+06	3.616805e+93
9.531703e-05	1.110522e-178	9.056578e+06	4.512177e+93
9.531703e-05	7.135152e-179	9.055577e+06	5.629209e+93
9.531703e-05	4.584359e-179	9.054577e+06	7.022779e+93
9.531703e-05	2.945461e-179	9.053576e+06	8.761348e+93
9.531703e-05	1.892463e-179	9.052576e+06	1.093033e+94
9.531703e-05	1.215908e-179	9.051575e+06	1.363627e+94
9.531703e-05	7.812206e-180	9.050575e+06	1.701213e+94
9.531703e-05	5.019332e-180	9.049575e+06	2.122373e+94
9.531703e-05	3.224909e-180	9.048574e+06	2.647801e+94
9.531703e-05	2.071994e-180	9.047574e+06	3.303308e+94
9.531703e-05	1.331247e-180	9.046573e+06	4.121101e+94
9.531703e-05	8.553195e-181	9.045573e+06	5.141356e+94
9.531703e-05	5.495376e-181	9.044572e+06	6.414199e+94
9.531703e-05	3.530741e-181	9.043572e+06	8.002165e+94
9.531703e-05	2.268473e-181	9.042571e+06	9.983272e+94
9.531703e-05	1.457474e-181	9.041571e+06	1.245485e+95
9.531703e-05	9.364128e-182	9.040571e+06	1.553834e+95
9.531703e-05	6.016352e-182	9.039570e+06	1.938523e+95
9.531703e-05	3.865436e-182	9.038570e+06	2.418453e+95
9.531703e-05	2.483494e-182	9.037569e+06	3.017204e+95
9.531703e-05	1.595611e-182	9.036569e+06	3.764193e+95
9.531703e-05	1.025157e-182	9.035568e+06	4.696123e+95
9.531703e-05	6.586478e-183	9.034568e+06	5.858783e+95
9.531703e-05	4.231705e-183	9.033567e+06	7.309298e+95
9.531703e-05	2.718797e-183	9.032567e+06	9.118936e+95
9.531703e-05	1.746778e-183	9.031567e+06	1.137661e+96
9.531703e-05	1.122271e-183	9.030566e+06	1.419326e+96
9.531703e-05	7.210369e-184	9.029566e+06	1.770727e+96
9.531703e-05	4.632511e-184	9.028565e+06	2.209131e+96
9.531703e-05	2.976287e-184	9.027565e+06	2.756079e+96
9.531703e-05	1.912196e-184	9.026564e+06	3.438445e+96
9.531703e-05	1.228541e-184	9.025564e+06	4.289758e+96
9.531703e-05	7.893071e-185	9.024563e+06	5.351850e+96
9.531703e-05	5.071096e-185	9.023563e+06	6.676907e+96
9.531703e-05	3.258044e-185	9.022563e+06	8.330038e+96
9.531703e-05	2.093204e-185	9.021562e+06	1.039248e+97
9.531703e-05	1.344824e-185	9.020562e+06	1.296556e+97
9.531703e-05	8.640099e-186	9.019561e+06	1.617573e+97
9.531703e-05	5.551002e-186	9.018561e+06	2.018073e+97
9.531703e-05	3.566345e-186	9.017560e+06	2.517736e+97
9.531703e-05	2.291262e-186	9.016560e+06	3.141115e+97
9.531703e-05	1.472060e-186	9.015560e+06	3.918842e+97
9.531703e-05	9.457486e-187	9.014559e+06	4.889134e+97
9.531703e-05	6.076104e-187	9.013559e+06	6.099672e+97
9.531703e-05	3.903679e-187	9.012558e+06	7.609942e+97
9.531703e-05	2.507970e-187	9.011558e+06	9.494159e+97
9.531703e-05	1.611276e-187	9.010557e+06	1.184492e+98
9.531703e-05	1.035182e-187	9.009557e+06	1.477773e+98
9.531703e-05	6.650637e-188	9.008556e+06	1.843673e+98
9.531703e-05	4.272764e-188	9.007556e+06	2.300172e+98
9.531703e-05	2.745074e-188	9.006556e+06	2.869704e+98
9.531703e-05	1.763594e-188	9.005555e+06	3.580256e+98
9.531703e-05	1.133032e-188	9.004555e+06	4.466749e+98
9.531703e-05	7.279231e-189	9.003554e+06	5.572745e+98
9.531703e-05	4.676577e-189	9.002554e+06	6.952599e+98
9.531703e-05	3.004485e-189	9.001553e+06	8.674122e+98
9.531703e-05	1.930240e-189	9.000553e+06	1.082192e+99
9.531703e-05	1.240086e-189	8.999552e+06	1.350153e+99
9.531703e-05	7.966949e-190	8.998552e+06	1.684467e+99
9.531703e-05	5.118367e-190	8.997552e+06	2.101561e+99
9.531703e-05	3.288291e-190	8.996551e+06	2.621935e+99
9.531703e-05	2.112557e-190	8.995551e+06	3.271162e+99
9.531703e-05	1.357206e-190	8.994550e+06	4.081150e+99
9.531703e-05	8.719323e-191	8.993550e+06	5.091708e+99
9.531703e-05	5.601689e-191	8.992549e+06	6.352499e+99
9.531703e-05	3.598774e-191	8.991549e+06	7.925489e+99
9.531703e-05	2.312010e-191	8.990548e+06	9.887987e+99
9.531703e-05	1.485334e-191	8.989548e+06	1.233644e+100
9.531703e-05	9.542402e-192	8.988548e+06	1.539120e+100
9.531703e-05	6.130428e-192	8.987547e+06	1.920238e+100
9.531703e-05	3.938431e-192	8.986547e+06	2.395732e+100
9.531703e-05	2.530202e-192	8.985546e+06	2.988970e+100
9.531703e-05	1.625498e-192	8.984546e+06	3.729110e+100
9.531703e-05	1.044280e-192	8.983545e+06	4.652531e+100
9.531703e-05	6.708831e-193	8.982545e+06	5.804617e+100
9.531703e-05	4.309989e-193	8.981544e+06	7.241994e+100
9.531703e-05	2.768885e-193	8.980544e+06	9.035311e+100
9.531703e-05	1.778824e-193	8.979544e+06	1.127271e+101
9.531703e-05	1.142774e-193	8.978543e+06	1.406417e+101
9.531703e-05	7.341539e-194	8.977543e+06	1.754688e+101
9.531703e-05	4.716429e-194	8.976542e+06	2.189203e+101
9.531703e-05	3.029974e-194	8.975542e+06	2.731320e+101
9.531703e-05	1.946542e-194	8.974541e+06	3.407685e+101
9.531703e-05	1.250512e-194	8.973541e+06	4.251543e+101
9.531703e-05	8.033627e-195	8.972540e+06	5.304373e+101
9.531703e-05	5.161009e-195	8.971540e+06	6.617925e+101
9.531703e-05	3.315561e-195	8.970540e+06	8.256765e+101
9.531703e-05	2.129996e-195	8.969539e+06	1.030145e+102
9.531703e-05	1.368358e-195	8.968539e+06	1.285248e+102
9.531703e-05	8.790638e-196	8.967538e+06	1.603526e+102
9.531703e-05	5.647292e-196	8.966538e+06	2.000624e+102
9.531703e-05	3.627935e-196	8.965537e+06	2.496061e+102
9.531703e-05	2.330655e-196	8.964537e+06	3.114190e+102
9.531703e-05	1.497256e-196	8.963537e+06	3.885397e+102
9.531703e-05	9.618633e-197	8.962536e+06	4.847592e+102
9.531703e-05	6.179169e-197	8.961536e+06	6.048073e+102
9.531703e-05	3.969594e-197	8.960535e+06	7.545851e+102
9.531703e-05	2.550125e-197	8.959535e+06	9.414556e+102
9.531703e-05	1.638236e-197	8.958534e+06	1.174605e+103
9.531703e-05	1.052423e-197	8.957534e+06	1.465494e+103
9.531703e-05	6.760893e-198	8.956533e+06	1.828422e+103
9.531703e-05	4.343272e-198	8.955533e+06	2.281231e+103
9.531703e-05	2.790161e-198	8.954533e+06	2.846180e+103
9.531703e-05	1.792425e-198	8.953532e+06	3.551042e+103
9.531703e-05	1.151468e-198	8.952532e+06	4.430468e+103
9.531703e-05	7.397114e-199	8.951531e+06	5.527691e+103
9.531703e-05	4.751953e-199	8.950531e+06	6.896649e+103
9.531703e-05	3.052680e-199	8.949530e+06	8.604643e+103
9.531703e-05	1.961055e-199	8.948530e+06	1.073564e+104
9.531703e-05	1.259788e-199	8.947529e+06	1.339440e+104
9.531703e-05	8.092912e-200	8.946529e+06	1.671163e+104
9.531703e-05	5.198900e-200	8.945529e+06	2.085042e+104
9.531703e-05	3.339777e-200	8.944528e+06	2.601424e+104
9.531703e-05	2.145471e-200	8.943528e+06	3.245696e+104
9.531703e-05	1.378248e-200	8.942527e+06	4.049531e+104
9.531703e-05	8.853837e-201	8.941527e+06	5.052450e+104
9.531703e-05	5.687678e-201	8.940526e+06	6.303758e+104
9.531703e-05	3.653741e-201	8.939526e+06	7.864977e+104
9.531703e-05	2.347145e-201	8.938525e+06	9.812861e+104
9.531703e-05	1.507792e-201	8.937525e+06	1.224318e+105
9.531703e-05	9.685956e-202	8.936525e+06	1.527541e+105
9.531703e-05	6.222183e-202	8.935524e+06	1.905865e+105
9.531703e-05	3.997076e-202	8.934524e+06	2.377889e+105
9.531703e-05	2.567683e-202	8.933523e+06	2.966821e+105
9.531703e-05	1.649453e-202	8.932523e+06	3.701616e+105
9.531703e-05	1.059590e-202	8.931522e+06	4.618403e+105
9.531703e-05	6.806671e-203	8.930522e+06	5.762256e+105
9.531703e-05	4.372515e-203	8.929521e+06	7.189415e+105
9.531703e-05	2.808841e-203	8.928521e+06	8.970051e+105
9.531703e-05	1.804357e-203	8.927521e+06	1.119171e+106
9.531703e-05	1.159090e-203	8.926520e+06	1.396364e+106
9.531703e-05	7.445794e-204	8.925520e+06	1.742211e+106
9.531703e-05	4.783044e-204	8.924519e+06	2.173719e+106
9.531703e-05	3.072537e-204	8.923519e+06	2.712104e+106
9.531703e-05	1.973737e-204	8.922518e+06	3.383838e+106
9.531703e-05	1.267887e-204	8.921518e+06	4.221951e+106
9.531703e-05	8.144632e-205	8.920517e+06	5.267652e+106
9.531703e-05	5.231927e-205	8.919517e+06	6.572358e+106
9.531703e-05	3.360866e-205	8.918517e+06	8.200225e+106
9.531703e-05	2.158938e-205	8.917516e+06	1.023129e+107
9.531703e-05	1.386847e-205	8.916516e+06	1.276544e+107
9.531703e-05	8.908738e-206	8.915515e+06	1.592726e+107
9.531703e-05	5.722729e-206	8.914515e+06	1.987224e+107
9.531703e-05	3.676120e-206	8.913514e+06	2.479437e+107
9.531703e-05	2.361432e-206	8.912514e+06	3.093566e+107
9.531703e-05	1.516913e-206	8.911513e+06	3.859812e+107
9.531703e-05	9.744175e-207	8.910513e+06	4.815852e+107
9.531703e-05	6.259346e-207	8.909513e+06	6.008699e+107
9.531703e-05	4.020798e-207	8.908512e+06	7.497011e+107
9.531703e-05	2.582824e-207	8.907512e+06	9.353973e+107
9.531703e-05	1.659116e-207	8.906511e+06	1.167090e+108
9.531703e-05	1.065757e-207	8.905511e+06	1.456173e+108
9.531703e-05	6.846032e-208	8.904510e+06	1.816862e+108
9.531703e-05	4.397634e-208	8.903510e+06	2.266894e+108
9.531703e-05	2.824870e-208	8.902510e+06	2.828399e+108
9.531703e-05	1.814585e-208	8.901509e+06	3.528991e+108
9.531703e-05	1.165616e-208	8.900509e+06	4.403122e+108
9.531703e-05	7.487436e-209	8.899508e+06	5.493780e+108
9.531703e-05	4.809612e-209	8.898508e+06	6.854599e+108
9.531703e-05	3.089487e-209	8.897507e+06	8.552502e+108
9.531703e-05	1.984550e-209	8.896507e+06	1.067099e+109
9.531703e-05	1.274786e-209	8.895506e+06	1.331424e+109
9.531703e-05	8.188636e-210	8.894506e+06	1.661225e+109
9.531703e-05	5.259995e-210	8.893506e+06	2.072721e+109
9.531703e-05	3.378769e-210	8.892505e+06	2.586149e+109
9.531703e-05	2.170356e-210	8.891505e+06	3.226760e+109
9.531703e-05	1.394129e-210	8.890504e+06	4.026057e+109
9.531703e-05	8.955177e-211	8.889504e+06	5.023352e+109
9.531703e-05	5.752344e-211	8.888503e+06	6.267691e+109
9.531703e-05	3.695003e-211	8.887503e+06	7.820272e+109
9.531703e-05	2.373472e-211	8.886502e+06	9.757453e+109
9.531703e-05	1.524590e-211	8.885502e+06	1.217451e+110
9.531703e-05	9.793119e-212	8.884502e+06	1.519031e+110
9.531703e-05	6.290549e-212	8.883501e+06	1.895318e+110
9.531703e-05	4.040689e-212	8.882501e+06	2.364820e+110
9.531703e-05	2.595503e-212	8.881500e+06	2.950626e+110
9.531703e-05	1.667198e-212	8.880500e+06	3.681550e+110
9.531703e-05	1.070908e-212	8.879499e+06	4.593540e+110
9.531703e-05	6.878860e-213	8.878499e+06	5.731452e+110
9.531703e-05	4.418554e-213	8.877498e+06	7.151252e+110
9.531703e-05	2.838201e-213	8.876498e+06	8.922773e+110
9.531703e-05	1.823080e-213	8.875498e+06	1.113315e+111
9.531703e-05	1.171028e-213	8.874497e+06	1.389109e+111
9.531703e-05	7.521918e-214	8.873497e+06	1.733225e+111
9.531703e-05	4.831579e-214	8.872496e+06	2.162589e+111
9.531703e-05	3.103481e-214	8.871496e+06	2.698319e+111
9.531703e-05	1.993464e-214	8.870495e+06	3.366767e+111
9.531703e-05	1.280463e-214	8.869495e+06	4.200809e+111
9.531703e-05	8.224793e-215	8.868494e+06	5.241472e+111
9.531703e-05	5.283021e-215	8.867494e+06	6.539941e+111
9.531703e-05	3.393431e-215	8.866494e+06	8.160087e+111
9.531703e-05	2.179692e-215	8.865493e+06	1.018160e+112
9.531703e-05	1.400073e-215	8.864493e+06	1.270391e+112
9.531703e-05	8.993019e-216	8.863492e+06	1.585110e+112
9.531703e-05	5.776433e-216	8.862492e+06	1.977796e+112
9.531703e-05	3.710337e-216	8.861491e+06	2.467767e+112
9.531703e-05	2.383232e-216	8.860491e+06	3.079122e+112
9.531703e-05	1.530801e-216	8.859490e+06	3.841935e+112
9.531703e-05	9.832644e-217	8.858490e+06	4.793729e+112
9.531703e-05	6.315699e-217	8.857490e+06	5.981322e+112
9.531703e-05	4.056690e-217	8.856489e+06	7.463134e+112
9.531703e-05	2.605683e-217	8.855489e+06	9.312058e+112
9.531703e-05	1.673674e-217	8.854488e+06	1.161904e+113
9.531703e-05	1.075027e-217	8.853488e+06	1.449758e+113
9.531703e-05	6.905057e-218	8.852487e+06	1.808926e+113
9.531703e-05	4.435213e-218	8.851487e+06	2.257077e+113
9.531703e-05	2.848795e-218	8.850486e+06	2.816257e+113
9.531703e-05	1.829815e-218	8.849486e+06	3.513974e+113
9.531703e-05	1.175310e-218	8.848486e+06	4.384552e+113
9.531703e-05	7.549137e-219	8.847485e+06	5.470816e+113
9.531703e-05	4.848880e-219	8.846485e+06	6.826205e+113
9.531703e-05	3.114476e-219	8.845484e+06	8.517397e+113
9.531703e-05	2.000450e-219	8.844484e+06	1.062759e+114
9.531703e-05	1.284902e-219	8.843483e+06	1.326059e+114
9.531703e-05	8.252996e-220	8.842483e+06	1.654594e+114
9.531703e-05	5.300936e-220	8.841482e+06	2.064525e+114
9.531703e-05	3.404810e-220	8.840482e+06	2.576021e+114
9.531703e-05	2.186919e-220	8.839482e+06	3.214243e+114
9.531703e-05	1.404661e-220	8.838481e+06	4.010592e+114
9.531703e-05	9.022151e-221	8.837481e+06	5.004245e+114
9.531703e-05	5.794926e-221	8.836480e+06	6.244087e+114
9.531703e-05	3.722075e-221	8.835480e+06	7.791116e+114
9.531703e-05	2.390681e-221	8.834479e+06	9.721442e+114
9.531703e-05	1.535527e-221	8.833479e+06	1.213003e+115
9.531703e-05	9.862632e-222	8.832479e+06	1.513539e+115
9.531703e-05	6.334721e-222	8.831478e+06	1.888537e+115
9.531703e-05	4.068755e-222	8.830478e+06	2.356448e+115
9.531703e-05	2.613334e-222	8.829477e+06	2.940292e+115
9.531703e-05	1.678524e-222	8.828477e+06	3.668795e+115
9.531703e-05	1.078102e-222	8.827476e+06	4.577798e+115
9.531703e-05	6.924545e-223	8.826476e+06	5.712026e+115
9.531703e-05	4.447563e-223	8.825475e+06	7.127283e+115
9.531703e-05	2.856619e-223	8.824475e+06	8.893203e+115
9.531703e-05	1.834771e-223	8.823475e+06	1.109667e+116
9.531703e-05	1.178449e-223	8.822474e+06	1.384610e+116
9.531703e-05	7.569013e-224	8.821474e+06	1.727677e+116
9.531703e-05	4.861463e-224	8.820473e+06	2.155748e+116
9.531703e-05	3.122439e-224	8.819473e+06	2.689885e+116
9.531703e-05	2.005490e-224	8.818472e+06	3.356370e+116
9.531703e-05	1.288090e-224	8.817472e+06	4.187996e+116
9.531703e-05	8.273161e-225	8.816471e+06	5.225681e+116
9.531703e-05	5.313687e-225	8.815471e+06	6.520486e+116
9.531703e-05	3.412871e-225	8.814471e+06	8.136119e+116
9.531703e-05	2.192013e-225	8.813470e+06	1.015208e+117
9.531703e-05	1.407881e-225	8.812470e+06	1.266756e+117
9.531703e-05	9.042487e-226	8.811469e+06	1.580633e+117
9.531703e-05	5.807768e-226	8.810469e+06	1.972285e+117
9.531703e-05	3.730182e-226	8.809468e+06	2.460983e+117
9.531703e-05	2.395798e-226	8.808468e+06	3.070774e+117
9.531703e-05	1.538756e-226	8.807467e+06	3.831664e+117
9.531703e-05	9.882993e-227	8.806467e+06	4.781094e+117
9.531703e-05	6.347559e-227	8.805467e+06	5.965783e+117
9.531703e-05	4.076846e-227	8.804466e+06	7.444027e+117
9.531703e-05	2.618432e-227	8.803466e+06	9.288567e+117
9.531703e-05	1.681735e-227	8.802465e+06	1.159017e+118
9.531703e-05	1.080123e-227	8.801465e+06	1.446210e+118
9.531703e-05	6.937267e-228	8.800464e+06	1.804567e+118
9.531703e-05	4.455566e-228	8.799464e+06	2.251724e+118
9.531703e-05	2.861651e-228	8.798463e+06	2.809684e+118
9.531703e-05	1.837934e-228	8.797463e+06	3.505905e+118
9.531703e-05	1.180436e-228	8.796463e+06	4.374649e+118
9.531703e-05	7.581485e-229	8.795462e+06	5.458666e+118
9.531703e-05	4.869289e-229	8.794462e+06	6.811303e+118
9.531703e-05	3.127348e-229	8.793461e+06	8.499123e+118
9.531703e-05	2.008567e-229	8.792461e+06	1.060519e+119
9.531703e-05	1.290018e-229	8.791460e+06	1.323314e+119
9.531703e-05	8.285227e-230	8.790460e+06	1.651231e+119
9.531703e-05	5.321236e-230	8.789459e+06	2.060408e+119
9.531703e-05	3.417591e-230	8.788459e+06	2.570980e+119
9.531703e-05	2.194961e-230	8.787459e+06	3.208075e+119
9.531703e-05	1.409721e-230	8.786458e+06	4.003047e+119
9.531703e-05	9.053963e-231	8.785458e+06	4.995020e+119
9.531703e-05	5.814919e-231	8.784457e+06	6.232811e+119
9.531703e-05	3.734634e-231	8.783457e+06	7.777340e+119
9.531703e-05	2.398566e-231	8.782456e+06	9.704620e+119
9.531703e-05	1.540476e-231	8.781456e+06	1.210950e+120
9.531703e-05	9.893666e-232	8.780455e+06	1.511034e+120
9.531703e-05	6.354173e-232	8.779455e+06	1.885484e+120
9.531703e-05	4.080940e-232	8.778455e+06	2.352726e+120
9.531703e-05	2.620962e-232	8.777454e+06	2.935759e+120
9.531703e-05	1.683297e-232	8.776454e+06	3.663277e+120
9.531703e-05	1.081085e-232	8.775453e+06	4.571086e+120
9.531703e-05	6.943183e-233	8.774453e+06	5.703867e+120
9.531703e-05	4.459197e-233	8.773452e+06	7.117372e+120
9.531703e-05	2.863875e-233	8.772452e+06	8.881172e+120
9.531703e-05	1.839293e-233	8.771451e+06	1.108208e+121
9.531703e-05	1.181264e-233	8.770451e+06	1.382841e+121
9.531703e-05	7.586517e-234	8.769451e+06	1.725536e+121
9.531703e-05	4.872337e-234	8.768450e+06	2.153157e+121
9.531703e-05	3.129187e-234	8.767450e+06	2.686754e+121
9.531703e-05	2.009672e-234	8.766449e+06	3.352590e+121
9.531703e-05	1.290678e-234	8.765449e+06	4.183437e+121
9.531703e-05	8.289158e-235	8.764448e+06	5.220191e+121
9.531703e-05	5.323560e-235	8.763448e+06	6.513881e+121
9.531703e-05	3.418953e-235	8.762448e+06	8.128185e+121
9.531703e-05	2.195754e-235	8.761447e+06	1.014256e+122
9.531703e-05	1.410176e-235	8.760447e+06	1.265616e+122
9.531703e-05	9.056546e-236	8.759446e+06	1.579271e+122
9.531703e-05	5.816358e-236	8.758446e+06	1.970660e+122
9.531703e-05	3.735417e-236	8.757445e+06	2.459048e+122
9.531703e-05	2.398978e-236	8.756445e+06	3.068476e+122
9.531703e-05	1.540682e-236	8.755444e+06	3.828941e+122
9.531703e-05	9.894618e-237	8.754444e+06	4.777877e+122
9.531703e-05	6.354544e-237	8.753444e+06	5.961994e+122
9.531703e-05	4.081024e-237	8.752443e+06	7.439580e+122
9.531703e-05	2.620917e-237	8.751443e+06	9.283370e+122
9.531703e-05	1.683204e-237	8.750442e+06	1.158412e+123
9.531703e-05	1.080985e-237	8.749442e+06	1.445510e+123
9.531703e-05	6.942276e-238	8.748441e+06	1.803762e+123
9.531703e-05	4.458445e-238	8.747441e+06	2.250804e+123
9.531703e-05	2.863284e-238	8.746440e+06	2.808643e+123
9.531703e-05	1.838843e-238	8.745440e+06	3.504739e+123
9.531703e-05	1.180931e-238	8.744440e+06	4.373359e+123
9.531703e-05	7.584091e-239	8.743439e+06	5.457262e+123
9.531703e-05	4.870594e-239	8.742439e+06	6.809809e+123
9.531703e-05	3.127950e-239	8.741438e+06	8.497581e+123
9.531703e-05	2.008801e-239	8.740438e+06	1.060366e+124
9.531703e-05	1.290071e-239	8.739437e+06	1.323174e+124
9.531703e-05	8.284940e-240	8.738437e+06	1.651119e+124
9.531703e-05	5.320650e-240	8.737436e+06	2.060345e+124
9.531703e-05	3.416955e-240	8.736436e+06	2.570999e+124
9.531703e-05	2.194387e-240	8.735436e+06	3.208221e+124
9.531703e-05	1.409246e-240	8.734435e+06	4.003380e+124
9.531703e-05	9.050226e-241	8.733435e+06	4.995624e+124
9.531703e-05	5.812080e-241	8.732434e+06	6.233802e+124
9.531703e-05	3.732528e-241	8.731434e+06	7.778870e+124
9.531703e-05	2.397032e-241	8.730433e+06	9.706896e+124
9.531703e-05	1.539374e-241	8.729433e+06	1.211280e+125
9.531703e-05	9.885843e-242	8.728432e+06	1.511503e+125
9.531703e-05	6.348669e-242	8.727432e+06	1.886140e+125
9.531703e-05	4.077097e-242	8.726432e+06	2.353634e+125
9.531703e-05	2.618296e-242	8.725431e+06	2.937003e+125
9.531703e-05	1.681457e-242	8.724431e+06	3.664968e+125
9.531703e-05	1.079822e-242	8.723430e+06	4.573369e+125
9.531703e-05	6.934545e-243	8.722430e+06	5.706931e+125
9.531703e-05	4.453312e-243	8.721429e+06	7.121465e+125
9.531703e-05	2.859879e-243	8.720429e+06	8.886615e+125
9.531703e-05	1.836587e-243	8.719428e+06	1.108929e+126
9.531703e-05	1.179437e-243	8.718428e+06	1.383794e+126
9.531703e-05	7.574213e-244	8.717428e+06	1.726789e+126
9.531703e-05	4.864067e-244	8.716427e+06	2.154803e+126
9.531703e-05	3.123639e-244	8.715427e+06	2.688909e+126
9.531703e-05	2.005957e-244	8.714426e+06	3.355406e+126
9.531703e-05	1.288195e-244	8.713426e+06	4.187110e+126
9.531703e-05	8.272585e-245	8.712425e+06	5.224971e+126
9.531703e-05	5.312514e-245	8.711425e+06	6.520092e+126
9.531703e-05	3.411602e-245	8.710424e+06	8.136243e+126
9.531703e-05	2.190866e-245	8.709424e+06	1.015300e+127
9.531703e-05	1.406931e-245	8.708424e+06	1.266967e+127
9.531703e-05	9.035021e-246	8.707423e+06	1.581016e+127
9.531703e-05	5.802095e-246	8.706423e+06	1.972912e+127
9.531703e-05	3.725975e-246	8.705422e+06	2.461952e+127
9.531703e-05	2.392734e-246	8.704422e+06	3.072215e+127
9.531703e-05	1.536555e-246	8.703421e+06	3.833752e+127
9.531703e-05	9.867367e-247	8.702421e+06	4.784061e+127
9.531703e-05	6.336564e-247	8.701420e+06	5.969937e+127
9.531703e-05	4.069169e-247	8.700420e+06	7.449774e+127
9.531703e-05	2.613106e-247	8.699420e+06	9.296441e+127
9.531703e-05	1.678061e-247	8.698419e+06	1.160087e+128
9.531703e-05	1.077600e-247	8.697419e+06	1.447655e+128
9.531703e-05	6.920014e-248	8.696418e+06	1.806507e+128
9.531703e-05	4.443812e-248	8.695418e+06	2.254314e+128
9.531703e-05	2.853671e-248	8.694417e+06	2.813130e+128
9.531703e-05	1.832531e-248	8.693417e+06	3.510470e+128
9.531703e-05	1.176788e-248	8.692417e+06	4.380676e+128
9.531703e-05	7.556912e-249	8.691416e+06	5.466600e+128
9.531703e-05	4.852773e-249	8.690416e+06	6.821719e+128
9.531703e-05	3.116269e-249	8.689415e+06	8.512765e+128
9.531703e-05	2.001148e-249	8.688415e+06	1.062301e+129
9.531703e-05	1.285058e-249	8.687414e+06	1.325639e+129
9.531703e-05	8.252127e-250	8.686414e+06	1.654257e+129
9.531703e-05	5.299176e-250	8.685413e+06	2.064339e+129
9.531703e-05	3.402907e-250	8.684413e+06	2.576081e+129
9.531703e-05	2.185200e-250	8.683413e+06	3.214683e+129
9.531703e-05	1.403239e-250	8.682412e+06	4.011596e+129
9.531703e-05	9.010973e-251	8.681412e+06	5.006066e+129
9.531703e-05	5.786433e-251	8.680411e+06	6.247067e+129
9.531703e-05	3.715776e-251	8.679411e+06	7.795719e+129
9.531703e-05	2.386094e-251	8.678410e+06	9.728289e+129
9.531703e-05	1.532233e-251	8.677410e+06	1.213995e+130
9.531703e-05	9.839242e-252	8.676409e+06	1.514949e+130
9.531703e-05	6.318264e-252	8.675409e+06	1.890511e+130
9.531703e-05	4.057264e-252	8.674409e+06	2.359178e+130
9.531703e-05	2.605362e-252	8.673408e+06	2.944033e+130
9.531703e-05	1.673024e-252	8.672408e+06	3.673879e+130
9.531703e-05	1.074325e-252	8.671407e+06	4.584662e+130
9.531703e-05	6.898724e-253	8.670407e+06	5.721240e+130
9.531703e-05	4.429973e-253	8.669406e+06	7.139590e+130
9.531703e-05	2.844675e-253	8.668406e+06	8.909570e+130
9.531703e-05	1.826685e-253	8.667405e+06	1.111835e+131
9.531703e-05	1.172990e-253	8.666405e+06	1.387473e+131
9.531703e-05	7.532237e-254	8.665405e+06	1.731446e+131
9.531703e-05	4.836744e-254	8.664404e+06	2.160696e+131
9.531703e-05	3.105858e-254	8.663404e+06	2.696365e+131
9.531703e-05	1.994387e-254	8.662403e+06	3.364837e+131
9.531703e-05	1.280669e-254	8.661403e+06	4.199037e+131
9.531703e-05	8.223626e-255	8.660402e+06	5.240053e+131
9.531703e-05	5.280674e-255	8.659402e+06	6.539161e+131
9.531703e-05	3.390898e-255	8.658401e+06	8.160347e+131
9.531703e-05	2.177406e-255	8.657401e+06	1.018346e+132
9.531703e-05	1.398181e-255	8.656401e+06	1.270816e+132
9.531703e-05	8.978152e-256	8.655400e+06	1.585880e+132
9.531703e-05	5.765139e-256	8.654400e+06	1.979057e+132
9.531703e-05	3.701962e-256	8.653399e+06	2.469713e+132
9.531703e-05	2.377133e-256	8.652399e+06	3.082016e+132
9.531703e-05	1.526421e-256	8.651398e+06	3.846128e+132
9.531703e-05	9.801550e-257	8.650398e+06	4.799687e+132
9.531703e-05	6.293821e-257	8.649397e+06	5.989662e+132
9.531703e-05	4.041415e-257	8.648397e+06	7.474672e+132
9.531703e-05	2.595086e-257	8.647397e+06	9.327864e+132
9.531703e-05	1.666363e-257	8.646396e+06	1.164053e+133
9.531703e-05	1.070007e-257	8.645396e+06	1.452658e+133
9.531703e-05	6.870735e-258	8.644395e+06	1.812819e+133
9.531703e-05	4.411833e-258	8.643395e+06	2.262277e+133
9.531703e-05	2.832920e-258	8.642394e+06	2.823172e+133
9.531703e-05	1.819068e-258	8.641394e+06	3.523136e+133
9.531703e-05	1.168054e-258	8.640393e+06	4.396648e+133
9.531703e-05	7.500259e-259	8.639393e+06	5.486739e+133
9.531703e-05	4.816027e-259	8.638393e+06	6.847109e+133
9.531703e-05	3.092438e-259	8.637392e+06	8.544772e+133
9.531703e-05	1.985695e-259	8.636392e+06	1.066336e+134
9.531703e-05	1.275038e-259	8.635391e+06	1.330724e+134
9.531703e-05	8.187163e-260	8.634391e+06	1.660665e+134
9.531703e-05	5.257061e-260	8.633390e+06	2.072415e+134
9.531703e-05	3.375607e-260	8.632390e+06	2.586256e+134
9.531703e-05	2.167505e-260	8.631389e+06	3.227503e+134
9.531703e-05	1.391771e-260	8.630389e+06	4.027746e+134
9.531703e-05	8.936653e-261	8.629389e+06	5.026409e+134
9.531703e-05	5.738274e-261	8.628388e+06	6.272692e+134
9.531703e-05	3.684572e-261	8.627388e+06	7.827992e+134
9.531703e-05	2.365877e-261	8.626387e+06	9.768932e+134
9.531703e-05	1.519136e-261	8.625387e+06	1.219113e+135
9.531703e-05	9.754398e-262	8.624386e+06	1.521393e+135
9.531703e-05	6.263307e-262	8.623386e+06	1.898625e+135
9.531703e-05	4.021669e-262	8.622385e+06	2.369393e+135
9.531703e-05	2.582309e-262	8.621385e+06	2.956892e+135
9.531703e-05	1.658096e-262	8.620385e+06	3.690065e+135
9.531703e-05	1.064658e-262	8.619384e+06	4.605036e+135
9.531703e-05	6.836130e-263	8.618384e+06	5.746882e+135
9.531703e-05	4.389447e-263	8.617383e+06	7.171861e+135
9.531703e-05	2.818438e-263	8.616383e+06	8.950179e+135
9.531703e-05	1.809701e-263	8.615382e+06	1.116945e+136
9.531703e-05	1.161995e-263	8.614382e+06	1.393903e+136
9.531703e-05	7.461071e-264	8.613381e+06	1.739535e+136
9.531703e-05	4.790683e-264	8.612381e+06	2.170873e+136
9.531703e-05	3.076048e-264	8.611381e+06	2.709168e+136
9.531703e-05	1.975095e-264	8.610380e+06	3.380942e+136
9.531703e-05	1.268184e-264	8.609380e+06	4.219294e+136
9.531703e-05	8.142845e-265	8.608379e+06	5.265531e+136
9.531703e-05	5.228406e-265	8.607379e+06	6.571204e+136
9.531703e-05	3.357080e-265	8.606378e+06	8.200645e+136
9.531703e-05	2.155528e-265	8.605378e+06	1.023414e+137
9.531703e-05	1.384028e-265	8.604378e+06	1.277189e+137
9.531703e-05	8.886595e-266	8.603377e+06	1.593893e+137
9.531703e-05	5.705915e-266	8.602377e+06	1.989131e+137
9.531703e-05	3.663656e-266	8.601376e+06	2.482378e+137
9.531703e-05	2.352357e-266	8.600376e+06	3.097939e+137
9.531703e-05	1.510398e-266	8.599375e+06	3.866145e+137
9.531703e-05	9.697924e-267	8.598375e+06	4.824850e+137
9.531703e-05	6.226809e-267	8.597374e+06	6.021292e+137
9.531703e-05	3.998082e-267	8.596374e+06	7.514427e+137
9.531703e-05	2.567067e-267	8.595374e+06	9.377831e+137
9.531703e-05	1.648246e-267	8.594373e+06	1.170332e+138
9.531703e-05	1.058294e-267	8.593373e+06	1.460550e+138
9.531703e-05	6.795008e-268	8.592372e+06	1.822736e+138
9.531703e-05	4.362877e-268	8.591372e+06	2.274740e+138
9.531703e-05	2.801272e-268	8.590371e+06	2.838833e+138
9.531703e-05	1.798610e-268	8.589371e+06	3.542813e+138
9.531703e-05	1.154830e-268	8.588370e+06	4.421371e+138
9.531703e-05	7.414786e-269	8.587370e+06	5.517801e+138
9.531703e-05	4.760784e-269	8.586370e+06	6.886133e+138
9.531703e-05	3.056734e-269	8.585369e+06	8.593797e+138
9.531703e-05	1.962620e-269	8.584369e+06	1.072495e+139
9.531703e-05	1.260126e-269	8.583368e+06	1.338460e+139
9.531703e-05	8.090799e-270	8.582368e+06	1.670383e+139
9.531703e-05	5.194791e-270	8.581367e+06	2.084620e+139
9.531703e-05	3.335371e-270	8.580367e+06	2.601586e+139
9.531703e-05	2.141507e-270	8.579366e+06	3.246757e+139
9.531703e-05	1.374973e-270	8.578366e+06	4.051928e+139
9.531703e-05	8.828124e-271	8.577366e+06	5.056779e+139
9.531703e-05	5.668158e-271	8.576365e+06	6.310830e+139
9.531703e-05	3.639274e-271	8.575365e+06	7.875885e+139
9.531703e-05	2.336614e-271	8.574364e+06	9.829072e+139
9.531703e-05	1.500233e-271	8.573364e+06	1.226665e+140
9.531703e-05	9.632291e-272	8.572363e+06	1.530875e+140
9.531703e-05	6.184434e-272	8.571363e+06	1.910530e+140
9.531703e-05	3.970723e-272	8.570362e+06	2.384341e+140
9.531703e-05	2.549404e-272	8.569362e+06	2.975659e+140
9.531703e-05	1.636843e-272	8.568362e+06	3.713626e+140
9.531703e-05	1.050933e-272	8.567361e+06	4.634614e+140
9.531703e-05	6.747488e-273	8.566361e+06	5.784013e+140
9.531703e-05	4.332202e-273	8.565360e+06	7.218472e+140
9.531703e-05	2.781471e-273	8.564360e+06	9.008689e+140
9.531703e-05	1.785829e-273	8.563359e+06	1.124290e+141
9.531703e-05	1.146580e-273	8.562359e+06	1.403121e+141
9.531703e-05	7.361538e-274	8.561358e+06	1.751106e+141
9.531703e-05	4.726416e-274	8.560358e+06	2.185396e+141
9.531703e-05	3.034553e-274	8.559358e+06	2.727395e+141
9.531703e-05	1.948304e-274	8.558357e+06	3.403817e+141
9.531703e-05	1.250888e-274	8.557357e+06	4.248003e+141
9.531703e-05	8.031175e-275	8.556356e+06	5.301559e+141
9.531703e-05	5.156314e-275	8.555356e+06	6.616416e+141
9.531703e-05	3.310541e-275	8.554355e+06	8.257381e+141
9.531703e-05	2.125484e-275	8.553355e+06	1.030534e+142
9.531703e-05	1.364634e-275	8.552354e+06	1.286122e+142
9.531703e-05	8.761407e-276	8.551354e+06	1.605102e+142
9.531703e-05	5.625109e-276	8.550354e+06	2.003196e+142
9.531703e-05	3.611498e-276	8.549353e+06	2.500026e+142
9.531703e-05	2.318692e-276	8.548353e+06	3.120081e+142
9.531703e-05	1.488670e-276	8.547352e+06	3.893925e+142
9.531703e-05	9.557688e-277	8.546352e+06	4.859702e+142
9.531703e-05	6.136302e-277	8.545351e+06	6.065016e+142
9.531703e-05	3.939671e-277	8.544351e+06	7.569281e+142
9.531703e-05	2.529371e-277	8.543350e+06	9.446645e+142
9.531703e-05	1.623920e-277	8.542350e+06	1.178965e+143
9.531703e-05	1.042596e-277	8.541350e+06	1.471379e+143
9.531703e-05	6.693707e-278	8.540349e+06	1.836320e+143
9.531703e-05	4.297509e-278	8.539349e+06	2.291779e+143
9.531703e-05	2.759092e-278	8.538348e+06	2.860205e+143
9.531703e-05	1.771394e-278	8.537348e+06	3.569621e+143
9.531703e-05	1.137269e-278	8.536347e+06	4.454996e+143
9.531703e-05	7.301479e-279	8.535347e+06	5.559974e+143
9.531703e-05	4.687678e-279	8.534346e+06	6.939027e+143
9.531703e-05	3.009567e-279	8.533346e+06	8.660136e+143
9.531703e-05	1.932190e-279	8.532346e+06	1.080815e+144
9.531703e-05	1.240494e-279	8.531345e+06	1.348894e+144
9.531703e-05	7.964146e-280	8.530345e+06	1.683469e+144
9.531703e-05	5.113084e-280	8.529344e+06	2.101031e+144
9.531703e-05	3.282662e-280	8.528344e+06	2.622166e+144
9.531703e-05	2.107505e-280	8.527343e+06	3.272564e+144
9.531703e-05	1.353040e-280	8.526343e+06	4.084290e+144
9.531703e-05	8.686638e-281	8.525342e+06	5.097359e+144
9.531703e-05	5.576893e-281	8.524342e+06	6.361715e+144
9.531703e-05	3.580406e-281	8.523342e+06	7.939689e+144
9.531703e-05	2.298644e-281	8.522341e+06	9.909075e+144
9.531703e-05	1.475742e-281	8.521341e+06	1.236696e+145
9.531703e-05	9.474328e-282	8.520340e+06	1.543453e+145
9.531703e-05	6.082553e-282	8.519340e+06	1.926300e+145
9.531703e-05	3.905015e-282	8.518339e+06	2.404112e+145
9.531703e-05	2.507026e-282	8.517339e+06	3.000447e+145
9.531703e-05	1.609513e-282	8.516339e+06	3.744704e+145
9.531703e-05	1.033307e-282	8.515338e+06	4.673576e+145
9.531703e-05	6.633819e-283	8.514338e+06	5.832858e+145
9.531703e-05	4.258898e-283	8.513337e+06	7.279707e+145
9.531703e-05	2.734200e-283	8.512337e+06	9.085455e+145
9.531703e-05	1.755346e-283	8.511336e+06	1.133913e+146
9.531703e-05	1.126923e-283	8.510336e+06	1.415185e+146
9.531703e-05	7.234783e-284	8.509335e+06	1.766229e+146
9.531703e-05	4.644682e-284	8.508335e+06	2.204352e+146
9.531703e-05	2.981850e-284	8.507335e+06	2.751157e+146
9.531703e-05	1.914322e-284	8.506334e+06	3.433602e+146
9.531703e-05	1.228977e-284	8.505334e+06	4.285337e+146
9.531703e-05	7.889902e-285	8.504333e+06	5.348356e+146
9.531703e-05	5.065227e-285	8.503333e+06	6.675071e+146
9.531703e-05	3.251813e-285	8.502332e+06	8.330899e+146
9.531703e-05	2.087621e-285	8.501332e+06	1.039748e+147
9.531703e-05	1.340223e-285	8.500331e+06	1.297671e+147
9.531703e-05	8.604029e-286	8.499331e+06	1.619577e+147
9.531703e-05	5.523648e-286	8.498331e+06	2.021337e+147
9.531703e-05	3.546088e-286	8.497330e+06	2.522762e+147
9.531703e-05	2.276525e-286	8.496330e+06	3.148576e+147
9.531703e-05	1.461486e-286	8.495329e+06	3.929636e+147
9.531703e-05	9.382451e-287	8.494329e+06	4.904455e+147
9.531703e-05	6.023339e-287	8.493328e+06	6.121102e+147
9.531703e-05	3.866853e-287	8.492328e+06	7.639566e+147
9.531703e-05	2.482432e-287	8.491327e+06	9.534724e+147
9.531703e-05	1.593663e-287	8.490327e+06	1.190002e+148
9.531703e-05	1.023093e-287	8.489327e+06	1.485210e+148
9.531703e-05	6.567994e-288	8.488326e+06	1.853652e+148
9.531703e-05	4.216479e-288	8.487326e+06	2.313497e+148
9.531703e-05	2.706864e-288	8.486325e+06	2.887420e+148
9.531703e-05	1.737731e-288	8.485325e+06	3.603722e+148
9.531703e-05	1.115572e-288	8.484324e+06	4.497725e+148
9.531703e-05	7.161639e-289	8.483324e+06	5.613515e+148
9.531703e-05	4.597550e-289	8.482323e+06	7.006113e+148
9.531703e-05	2.951480e-289	8.481323e+06	8.744193e+148
9.531703e-05	1.894753e-289	8.480323e+06	1.091346e+149
9.531703e-05	1.216367e-289	8.479322e+06	1.362090e+149
9.531703e-05	7.808655e-290	8.478322e+06	1.700002e+149
9.531703e-05	5.012877e-290	8.477321e+06	2.121745e+149
9.531703e-05	3.218084e-290	8.476321e+06	2.648119e+149
9.531703e-05	2.065889e-290	8.475320e+06	3.305080e+149
9.531703e-05	1.326221e-290	8.474320e+06	4.125026e+149
9.531703e-05	8.513815e-291	8.473319e+06	5.148395e+149
9.531703e-05	5.465525e-291	8.472319e+06	6.425653e+149
9.531703e-05	3.508641e-291	8.471319e+06	8.019791e+149
9.531703e-05	2.252399e-291	8.470318e+06	1.000942e+150
9.531703e-05	1.445943e-291	8.469318e+06	1.249268e+150
9.531703e-05	9.282317e-292	8.468317e+06	1.559201e+150
9.531703e-05	5.958829e-292	8.467317e+06	1.946029e+150
9.531703e-05	3.825294e-292	8.466316e+06	2.428827e+150
9.531703e-05	2.455659e-292	8.465316e+06	3.031407e+150
9.531703e-05	1.576416e-292	8.464315e+06	3.783486e+150
9.531703e-05	1.011982e-292	8.463315e+06	4.722157e+150
9.531703e-05	6.496420e-293	8.462315e+06	5.893714e+150
9.531703e-05	4.170372e-293	8.461314e+06	7.355936e+150
9.531703e-05	2.677164e-293	8.460314e+06	9.180941e+150
9.531703e-05	1.718598e-293	8.459313e+06	1.145874e+151
9.531703e-05	1.103248e-293	8.458313e+06	1.430167e+151
9.531703e-05	7.082254e-294	8.457312e+06	1.784994e+151
9.531703e-05	4.546415e-294	8.456312e+06	2.227857e+151
9.531703e-05	2.918542e-294	8.455311e+06	2.780597e+151
9.531703e-05	1.873537e-294	8.454311e+06	3.470478e+151
9.531703e-05	1.202702e-294	8.453311e+06	4.331524e+151
9.531703e-05	7.720635e-295	8.452310e+06	5.406204e+151
9.531703e-05	4.956184e-295	8.451310e+06	6.747526e+151
9.531703e-05	3.181568e-295	8.450309e+06	8.421645e+151
9.531703e-05	2.042370e-295	8.449309e+06	1.051114e+152
9.531703e-05	1.311073e-295	8.448308e+06	1.311906e+152
9.531703e-05	8.416252e-296	8.447308e+06	1.637405e+152
9.531703e-05	5.402689e-296	8.446307e+06	2.043665e+152
9.531703e-05	3.468172e-296	8.445307e+06	2.550725e+152
9.531703e-05	2.226335e-296	8.444307e+06	3.183596e+152
9.531703e-05	1.429157e-296	8.443306e+06	3.973494e+152
